-------------------------------------------------------------
----------------------- !PROPERTIES! ------------------------
-------------------------------------------------------------
# -----------------------------------------------------------
$ PAL_Flags
   description: The PAL Flags
   geom. index: 1
   prop. index: 1
        Diskflag:     2
# -----------------------------------------------------------
$ SCF_Energy
   description: The SCF energy
   geom. index: 1
   prop. index: 1
        SCF Energy:     -928.9023208046
# -----------------------------------------------------------
$ DFT_Energy
   description: The DFT energy
   geom. index: 1
   prop. index: 1
   Number of Alpha Electrons                 85.0001246820 
   Number of Beta  Electrons                 84.0001156138 
   Total number of  Electrons               169.0002402957 
   Exchange energy                         -105.6584230789 
   Correlation energy                        -6.5755992933 
   Correlation energy NL                      0.0000000000 
   Exchange-Correlation energy             -112.2340223722 
   Embedding correction                       0.0000000000 
   Total DFT Energy (No VdW correction)    -928.9023208046 
# -----------------------------------------------------------
$ Mayer_Pop
   description: The Mayer population analysis
   geom. index: 1
   prop. index: 1
     Number of atoms                     : 49
     Threshold for printing              : 0.1000000
     Number of bond orders printed       : 51
  NA   - Mulliken gross atomic population
  ZA   - Total nuclear charge
  QA   - Mulliken gross atomic charge
  VA   - Mayer's total valence
  BVA  - Mayer's bonded valence
  FA   - Mayer's free valence
  ATOM       NA         ZA         QA         VA         BVA        FA
  0   0     5.8521     6.0000     0.1479     2.6151     2.6091     0.0060
  1   0     5.7244     6.0000     0.2756     2.4737     2.4715     0.0022
  2   0     5.3724     6.0000     0.6276     2.8905     2.8901     0.0004
  3   0     6.1780     6.0000    -0.1780     3.7519     3.7177     0.0342
  4   0     5.9295     6.0000     0.0705     4.1388     4.1237     0.0151
  5   0     6.0097     6.0000    -0.0097     3.8599     3.8261     0.0338
  6   0     6.0231     6.0000    -0.0231     3.8128     3.8055     0.0073
  7   0     6.0762     6.0000    -0.0762     4.1282     4.0909     0.0373
  8   0     5.9914     6.0000     0.0086     3.9047     3.8966     0.0081
  9   0     1.0503     1.0000    -0.0503     1.0023     1.0022     0.0001
 10   0     1.0545     1.0000    -0.0545     1.0038     1.0038     0.0000
 11   0     6.1005     6.0000    -0.1005     3.9307     3.5689     0.3618
 12   0     1.0257     1.0000    -0.0257     1.0083     1.0071     0.0012
 13   0     5.9657     6.0000     0.0343     4.0100     4.0086     0.0014
 14   0     0.9705     1.0000     0.0295     0.9627     0.9616     0.0011
 15   0     0.9705     1.0000     0.0295     0.9627     0.9616     0.0011
 16   0     6.0391     6.0000    -0.0391     4.1317     4.1317     0.0000
 17   0     0.9878     1.0000     0.0122     0.9640     0.9640     0.0000
 18   0     0.9878     1.0000     0.0122     0.9640     0.9640     0.0000
 19   0     5.9932     6.0000     0.0068     4.0162     4.0162     0.0000
 20   0     0.9823     1.0000     0.0177     0.9775     0.9775     0.0000
 21   0     0.9823     1.0000     0.0177     0.9775     0.9775     0.0000
 22   0     5.9569     6.0000     0.0431     4.0293     4.0291     0.0002
 23   0     0.9681     1.0000     0.0319     0.9696     0.9695     0.0001
 24   0     0.9682     1.0000     0.0318     0.9696     0.9695     0.0001
 25   0     6.0359     6.0000    -0.0359     4.1150     4.1150     0.0000
 26   0     0.9836     1.0000     0.0164     0.9629     0.9629     0.0000
 27   0     0.9836     1.0000     0.0164     0.9629     0.9629     0.0000
 28   0     6.0237     6.0000    -0.0237     4.1172     4.1172     0.0000
 29   0     0.9940     1.0000     0.0060     0.9674     0.9674     0.0000
 30   0     0.9940     1.0000     0.0060     0.9674     0.9674     0.0000
 31   0     5.9962     6.0000     0.0038     4.0169     4.0169     0.0000
 32   0     0.9832     1.0000     0.0168     0.9773     0.9773     0.0000
 33   0     0.9832     1.0000     0.0168     0.9773     0.9773     0.0000
 34   0     6.6068     6.0000    -0.6068     3.3873     3.3857     0.0016
 35   0     1.0297     1.0000    -0.0297     1.0305     1.0305     0.0000
 36   0     0.9868     1.0000     0.0132     0.9733     0.9733     0.0000
 37   0     0.9875     1.0000     0.0125     0.9734     0.9734     0.0000
 38   0     5.9669     6.0000     0.0331     3.9977     3.9971     0.0006
 39   0     5.9593     6.0000     0.0407     3.9991     3.9990     0.0001
 40   0     5.9749     6.0000     0.0251     3.9945     3.9940     0.0005
 41   0     6.2584     6.0000    -0.2584     3.9292     3.9289     0.0003
 42   0     5.9685     6.0000     0.0315     3.9929     3.9924     0.0005
 43   0     5.9591     6.0000     0.0409     3.9993     3.9992     0.0001
 44   0     1.0278     1.0000    -0.0278     0.9687     0.9687     0.0000
 45   0     1.0413     1.0000    -0.0413     0.9837     0.9837     0.0000
 46   0     1.0283     1.0000    -0.0283     0.9685     0.9685     0.0000
 47   0     1.0279     1.0000    -0.0279     0.9683     0.9683     0.0000
 48   0     1.0392     1.0000    -0.0392     0.9810     0.9810     0.0000
      Bond orders larger than 0.1000000
           Atom A     A.N. of A          Atom B    A.N. of B              Bond order
                0             6               1            6                1.713742
                0             6              41            6                0.931456
                1             6               3            6                0.877412
                1             6              41            6               -0.181771
                2             6               6            6                0.901577
                2             6              34            6                2.119985
                3             6               4            6                1.278800
                3             6               8            6                1.401088
                4             6               5            6                1.286240
                4             6              11            6                1.382661
                5             6               6            6                1.443027
                5             6               9            1                0.917774
                6             6               7            6                1.336190
                7             6               8            6                1.421190
                7             6              22            6                1.092751
                8             6              10            1                0.921287
               11             6              12            1                0.899616
               11             6              13            6                1.084000
               13             6              14            1                0.911380
               13             6              15            1                0.911371
               13             6              16            6                1.071678
               16             6              17            1                0.943667
               16             6              18            1                0.943646
               16             6              19            6                1.106681
               19             6              20            1                0.965254
               19             6              21            1                0.965256
               19             6              36            1                0.960742
               22             6              23            1                0.896511
               22             6              24            1                0.896527
               22             6              25            6                1.103884
               25             6              26            1                0.929204
               25             6              27            1                0.929171
               25             6              28            6                1.075201
               28             6              29            1                0.940897
               28             6              30            1                0.940900
               28             6              31            6                1.106125
               31             6              32            1                0.966161
               31             6              33            1                0.966160
               31             6              37            1                0.961684
               34             6              35            1                1.118997
               38             6              39            6                1.441992
               38             6              43            6                1.443105
               38             6              44            1                0.943304
               39             6              40            6                1.471878
               39             6              46            1                0.937893
               40             6              41            6                1.437335
               40             6              48            1                0.940664
               41             6              42            6                1.438447
               42             6              43            6                1.471776
               42             6              45            1                0.939854
               43             6              47            1                0.937861
# -----------------------------------------------------------
$ PAL_Flags
   description: The PAL Flags
   geom. index: 2
   prop. index: 1
        Diskflag:     2
# -----------------------------------------------------------
$ SCF_Energy
   description: The SCF energy
   geom. index: 2
   prop. index: 1
        SCF Energy:     -928.9023230827
# -----------------------------------------------------------
$ DFT_Energy
   description: The DFT energy
   geom. index: 2
   prop. index: 1
   Number of Alpha Electrons                 85.0001249486 
   Number of Beta  Electrons                 84.0001157402 
   Total number of  Electrons               169.0002406888 
   Exchange energy                         -105.6591258367 
   Correlation energy                        -6.5756183788 
   Correlation energy NL                      0.0000000000 
   Exchange-Correlation energy             -112.2347442155 
   Embedding correction                       0.0000000000 
   Total DFT Energy (No VdW correction)    -928.9023230827 
# -----------------------------------------------------------
$ PAL_Flags
   description: The PAL Flags
   geom. index: 3
   prop. index: 1
        Diskflag:     2
# -----------------------------------------------------------
$ SCF_Energy
   description: The SCF energy
   geom. index: 3
   prop. index: 1
        SCF Energy:     -928.9023223726
# -----------------------------------------------------------
$ DFT_Energy
   description: The DFT energy
   geom. index: 3
   prop. index: 1
   Number of Alpha Electrons                 85.0001253060 
   Number of Beta  Electrons                 84.0001159018 
   Total number of  Electrons               169.0002412077 
   Exchange energy                         -105.6592465372 
   Correlation energy                        -6.5756114455 
   Correlation energy NL                      0.0000000000 
   Exchange-Correlation energy             -112.2348579827 
   Embedding correction                       0.0000000000 
   Total DFT Energy (No VdW correction)    -928.9023223726 
# -----------------------------------------------------------
$ PAL_Flags
   description: The PAL Flags
   geom. index: 4
   prop. index: 1
        Diskflag:     2
# -----------------------------------------------------------
$ SCF_Energy
   description: The SCF energy
   geom. index: 4
   prop. index: 1
        SCF Energy:     -928.9023210727
# -----------------------------------------------------------
$ DFT_Energy
   description: The DFT energy
   geom. index: 4
   prop. index: 1
   Number of Alpha Electrons                 85.0001255791 
   Number of Beta  Electrons                 84.0001160314 
   Total number of  Electrons               169.0002416105 
   Exchange energy                         -105.6591235742 
   Correlation energy                        -6.5756018724 
   Correlation energy NL                      0.0000000000 
   Exchange-Correlation energy             -112.2347254465 
   Embedding correction                       0.0000000000 
   Total DFT Energy (No VdW correction)    -928.9023210727 
# -----------------------------------------------------------
$ PAL_Flags
   description: The PAL Flags
   geom. index: 5
   prop. index: 1
        Diskflag:     2
# -----------------------------------------------------------
$ SCF_Energy
   description: The SCF energy
   geom. index: 5
   prop. index: 1
        SCF Energy:     -928.9023202164
# -----------------------------------------------------------
$ DFT_Energy
   description: The DFT energy
   geom. index: 5
   prop. index: 1
   Number of Alpha Electrons                 85.0001257804 
   Number of Beta  Electrons                 84.0001161590 
   Total number of  Electrons               169.0002419394 
   Exchange energy                         -105.6590194540 
   Correlation energy                        -6.5755995268 
   Correlation energy NL                      0.0000000000 
   Exchange-Correlation energy             -112.2346189808 
   Embedding correction                       0.0000000000 
   Total DFT Energy (No VdW correction)    -928.9023202164 
# -----------------------------------------------------------
$ Mayer_Pop
   description: The Mayer population analysis
   geom. index: 5
   prop. index: 1
     Number of atoms                     : 49
     Threshold for printing              : 0.1000000
     Number of bond orders printed       : 51
  NA   - Mulliken gross atomic population
  ZA   - Total nuclear charge
  QA   - Mulliken gross atomic charge
  VA   - Mayer's total valence
  BVA  - Mayer's bonded valence
  FA   - Mayer's free valence
  ATOM       NA         ZA         QA         VA         BVA        FA
  0   0     5.8535     6.0000     0.1465     2.6176     2.6116     0.0060
  1   0     5.7238     6.0000     0.2762     2.4743     2.4721     0.0022
  2   0     5.3727     6.0000     0.6273     2.8907     2.8903     0.0004
  3   0     6.1776     6.0000    -0.1776     3.7516     3.7173     0.0343
  4   0     5.9286     6.0000     0.0714     4.1372     4.1221     0.0151
  5   0     6.0100     6.0000    -0.0100     3.8594     3.8255     0.0339
  6   0     6.0233     6.0000    -0.0233     3.8134     3.8060     0.0074
  7   0     6.0762     6.0000    -0.0762     4.1282     4.0908     0.0374
  8   0     5.9921     6.0000     0.0079     3.9055     3.8974     0.0081
  9   0     1.0503     1.0000    -0.0503     1.0023     1.0022     0.0001
 10   0     1.0545     1.0000    -0.0545     1.0038     1.0038     0.0000
 11   0     6.1004     6.0000    -0.1004     3.9307     3.5692     0.3615
 12   0     1.0260     1.0000    -0.0260     1.0085     1.0073     0.0012
 13   0     5.9655     6.0000     0.0345     4.0098     4.0084     0.0014
 14   0     0.9705     1.0000     0.0295     0.9627     0.9616     0.0011
 15   0     0.9705     1.0000     0.0295     0.9627     0.9616     0.0011
 16   0     6.0390     6.0000    -0.0390     4.1316     4.1316     0.0000
 17   0     0.9878     1.0000     0.0122     0.9640     0.9640     0.0000
 18   0     0.9878     1.0000     0.0122     0.9640     0.9640     0.0000
 19   0     5.9933     6.0000     0.0067     4.0162     4.0162     0.0000
 20   0     0.9823     1.0000     0.0177     0.9775     0.9775     0.0000
 21   0     0.9823     1.0000     0.0177     0.9775     0.9775     0.0000
 22   0     5.9563     6.0000     0.0437     4.0293     4.0291     0.0002
 23   0     0.9682     1.0000     0.0318     0.9696     0.9695     0.0001
 24   0     0.9682     1.0000     0.0318     0.9696     0.9695     0.0001
 25   0     6.0358     6.0000    -0.0358     4.1150     4.1150     0.0000
 26   0     0.9836     1.0000     0.0164     0.9629     0.9629     0.0000
 27   0     0.9836     1.0000     0.0164     0.9629     0.9629     0.0000
 28   0     6.0237     6.0000    -0.0237     4.1171     4.1171     0.0000
 29   0     0.9940     1.0000     0.0060     0.9674     0.9674     0.0000
 30   0     0.9940     1.0000     0.0060     0.9674     0.9674     0.0000
 31   0     5.9962     6.0000     0.0038     4.0168     4.0168     0.0000
 32   0     0.9832     1.0000     0.0168     0.9773     0.9773     0.0000
 33   0     0.9832     1.0000     0.0168     0.9773     0.9773     0.0000
 34   0     6.6064     6.0000    -0.6064     3.3875     3.3859     0.0016
 35   0     1.0298     1.0000    -0.0298     1.0305     1.0305     0.0000
 36   0     0.9868     1.0000     0.0132     0.9733     0.9733     0.0000
 37   0     0.9874     1.0000     0.0126     0.9734     0.9734     0.0000
 38   0     5.9667     6.0000     0.0333     3.9978     3.9972     0.0006
 39   0     5.9595     6.0000     0.0405     3.9989     3.9988     0.0001
 40   0     5.9742     6.0000     0.0258     3.9939     3.9934     0.0005
 41   0     6.2583     6.0000    -0.2583     3.9298     3.9295     0.0003
 42   0     5.9690     6.0000     0.0310     3.9934     3.9929     0.0005
 43   0     5.9589     6.0000     0.0411     3.9989     3.9988     0.0001
 44   0     1.0279     1.0000    -0.0279     0.9687     0.9687     0.0000
 45   0     1.0412     1.0000    -0.0412     0.9838     0.9838     0.0000
 46   0     1.0282     1.0000    -0.0282     0.9685     0.9685     0.0000
 47   0     1.0278     1.0000    -0.0278     0.9683     0.9683     0.0000
 48   0     1.0394     1.0000    -0.0394     0.9812     0.9812     0.0000
      Bond orders larger than 0.1000000
           Atom A     A.N. of A          Atom B    A.N. of B              Bond order
                0             6               1            6                1.714713
                0             6              41            6                0.931998
                1             6               3            6                0.877212
                1             6              41            6               -0.181681
                2             6               6            6                0.901804
                2             6              34            6                2.120006
                3             6               4            6                1.277575
                3             6               8            6                1.402378
                4             6               5            6                1.285154
                4             6              11            6                1.383237
                5             6               6            6                1.443419
                5             6               9            1                0.917826
                6             6               7            6                1.336008
                7             6               8            6                1.421124
                7             6              22            6                1.092880
                8             6              10            1                0.921368
               11             6              12            1                0.899399
               11             6              13            6                1.083942
               13             6              14            1                0.911502
               13             6              15            1                0.911481
               13             6              16            6                1.071552
               16             6              17            1                0.943758
               16             6              18            1                0.943722
               16             6              19            6                1.106585
               19             6              20            1                0.965300
               19             6              21            1                0.965304
               19             6              36            1                0.960784
               22             6              23            1                0.896412
               22             6              24            1                0.896426
               22             6              25            6                1.103976
               25             6              26            1                0.929239
               25             6              27            1                0.929249
               25             6              28            6                1.075011
               28             6              29            1                0.941010
               28             6              30            1                0.941013
               28             6              31            6                1.105956
               31             6              32            1                0.966207
               31             6              33            1                0.966205
               31             6              37            1                0.961733
               34             6              35            1                1.119115
               38             6              39            6                1.442700
               38             6              43            6                1.442496
               38             6              44            1                0.943297
               39             6              40            6                1.471024
               39             6              46            1                0.937924
               40             6              41            6                1.436863
               40             6              48            1                0.940585
               41             6              42            6                1.438987
               42             6              43            6                1.472109
               42             6              45            1                0.939913
               43             6              47            1                0.937899
# -----------------------------------------------------------
$ SCF_Electric_Properties
   description: The SCF Calculated Electric Properties
   geom. index: 5
   prop. index: 1
       Filename                          : opt.scfp 
       Do Dipole Moment Calculation      : true 
       Do Quadrupole Moment Calculation  : false 
       Do Polarizability Calculation     : false 
** Dipole moment part of electric properties **
        Magnitude of dipole moment (Debye) :        0.3994647368
        Electronic Contribution:
                  0    
      0      10.553588
      1       2.014113
      2       0.005116
        Nuclear Contribution:
                  0    
      0     -10.397410
      1      -1.996598
      2      -0.004443
        Total Dipole moment:
                  0    
      0       0.156178
      1       0.017516
      2       0.000674
# -------------------------------------------------------------
----------------------- !GEOMETRIES! ------------------------
# -------------------------------------------------------------
------------------------ !GEOMETRY! -------------------------
    Number of atoms:    49 
    Geometry Index:     1 
    Coordinates:
               0 C      4.056605512803   -0.083885020480    0.001340390603
               1 C      2.834131417543   -0.022584430706   -0.001991176326
               2 C     -2.844474468035    0.021416032430   -0.003157205032
               3 C      1.413989626326    0.023414189679   -0.002479552668
               4 C      0.705203348801    1.283606276232   -0.002002263121
               5 C     -0.716978891261    1.213021568956   -0.002166231667
               6 C     -1.410939696402    0.002983818892   -0.002914628075
               7 C     -0.702181292288   -1.239912734691   -0.003468472249
               8 C      0.692320714850   -1.186242650367   -0.003332357433
               9 H     -1.295057043290    2.137222525422   -0.001763953110
              10 H      1.266907685427   -2.112259726442   -0.003758761851
              11 C      1.385870451243    2.519460255184   -0.001435204165
              12 H      2.478940194027    2.487758661283   -0.001660009172
              13 C      0.724508148607    3.865171017119   -0.000847683754
              14 H      0.053447872315    3.958997109369   -0.879854384438
              15 H      0.051479822953    3.957323105087    0.876812442368
              16 C      1.717494868389    5.034225705628    0.001356713011
              17 H      2.375731148959    4.945233757340    0.885341754871
              18 H      2.377518718492    4.947080429145   -0.881485905900
              19 C      1.034517266306    6.402751425984    0.002096230189
              20 H      0.392364684753    6.530045203251    0.890965275165
              21 H      0.394079032475    6.531870227410   -0.887743527291
              22 C     -1.475824910570   -2.542283468879   -0.004046538396
              23 H     -2.154050706339   -2.542044118500    0.870279279679
              24 H     -2.155231257626   -2.540608200781   -0.877436451578
              25 C     -0.656112633757   -3.834963304079   -0.005549739741
              26 H      0.007182179759   -3.858055529168   -0.890363846713
              27 H      0.007540938640   -3.859866138938    0.878949070305
              28 C     -1.535229000742   -5.090971117178   -0.006561589619
              29 H     -2.201508927907   -5.069824878701    0.876287818355
              30 H     -2.201758385794   -5.068247177201   -0.889183956800
              31 C     -0.727516735165   -6.390715393618   -0.007820177758
              32 H     -0.076985273040   -6.459617231805    0.881482732076
              33 H     -0.077299790072   -6.458082227809   -0.897470891668
              34 C     -4.060266625115    0.041397342578   -0.004577255000
              35 H     -5.132582288625    0.064680533556   -0.007401249464
              36 H      1.772382588916    7.220976671441    0.003654827266
              37 H     -1.385175256340   -7.274915339529   -0.008473346706
              38 C      8.295214555428   -0.306467958351    0.012725799518
              39 C      7.656499024380    0.939058966785    0.015688193991
              40 C      6.264622686529    1.017702334197    0.011911246594
              41 C      5.481130855043   -0.158199384049    0.005080133750
              42 C      6.136522572193   -1.409508273724    0.002013792872
              43 C      7.529084482588   -1.477807574301    0.005831047233
              44 H      9.386447653091   -0.364568596690    0.015808498266
              45 H      5.538349645634   -2.322645368307   -0.003423895839
              46 H      8.248688283214    1.857411761337    0.021089085909
              47 H      8.022055730896   -2.453042622281    0.003392417343
              48 H      5.766519511786    1.989127798272    0.014326556168
------------------------ !GEOMETRY! -------------------------
    Number of atoms:    49 
    Geometry Index:     2 
    Coordinates:
               0 C      4.056037673462   -0.082264333043    0.001193515036
               1 C      2.833721959799   -0.019269519769   -0.002097703855
               2 C     -2.844825064597    0.020995841947   -0.003279375983
               3 C      1.413640685707    0.026919085263   -0.002616680215
               4 C      0.704038938775    1.286740898647   -0.002099243758
               5 C     -0.718277421207    1.214838834919   -0.002290751396
               6 C     -1.411331590288    0.004185764226   -0.003117254218
               7 C     -0.701586591334   -1.238057690427   -0.003735866896
               8 C      0.692739974305   -1.183128317953   -0.003550873462
               9 H     -1.297513525773    2.138414998405   -0.001811040890
              10 H      1.268338442514   -2.108550499014   -0.004004219794
              11 C      1.383440240932    2.523258041879   -0.001337615752
              12 H      2.476163466648    2.492578630292   -0.001451991672
              13 C      0.721043884944    3.868642532512   -0.000553203449
              14 H      0.050167302039    3.962058646692   -0.879562058912
              15 H      0.047943243627    3.959984811492    0.876946739138
              16 C      1.713456041799    5.038662917163    0.002084127631
              17 H      2.371541917184    4.950099442813    0.885821895492
              18 H      2.373655301000    4.952323185507   -0.880297734617
              19 C      1.029401251495    6.406935103176    0.002988036665
              20 H      0.387160571893    6.533543802874    0.891724157263
              21 H      0.389224185112    6.535756072690   -0.886917979744
              22 C     -1.473386278493   -2.541247612344   -0.004433287065
              23 H     -2.151566962325   -2.541749128204    0.869401320569
              24 H     -2.152440192024   -2.540329671805   -0.877569526252
              25 C     -0.651866719014   -3.832968029457   -0.005811836833
              26 H      0.011383199061   -3.855320338707   -0.890173213952
              27 H      0.011576874231   -3.857060178602    0.878359682899
              28 C     -1.529589161873   -5.090332182443   -0.006888908716
              29 H     -2.195867735982   -5.069733913249    0.875475443010
              30 H     -2.195920876899   -5.068205200586   -0.889175803055
              31 C     -0.720371818632   -6.389571471253   -0.008032642588
              32 H     -0.070039226612   -6.457569278073    0.881230969134
              33 H     -0.070108004500   -6.456047821193   -0.897462245453
              34 C     -4.060653902492    0.039448087659   -0.004583473507
              35 H     -5.132866926671    0.061199790305   -0.007175005018
              36 H      1.766528732525    7.225939399273    0.004867911756
              37 H     -1.377075282473   -7.274679749836   -0.008768434253
              38 C      8.293833442411   -0.317774330191    0.012521985910
              39 C      7.659300355967    0.929908612481    0.012586554979
              40 C      6.267581247605    1.012978208539    0.008817154519
              41 C      5.480370196921   -0.160371356015    0.004882113187
              42 C      6.131681703733   -1.414022802195    0.004866581150
              43 C      7.524034142210   -1.486780737727    0.008654146901
              44 H      9.384587843130   -0.379222945020    0.015508872630
              45 H      5.530269873166   -2.325054067365    0.001834815871
              46 H      8.254479598477    1.846308758045    0.015615245269
              47 H      8.013709607083   -2.463634134525    0.008575714489
              48 H      5.772413423430    1.985842092196    0.008904037806
------------------------ !GEOMETRY! -------------------------
    Number of atoms:    49 
    Geometry Index:     3 
    Coordinates:
               0 C      4.055644051566   -0.078927387829    0.001262323461
               1 C      2.833463500882   -0.013857294359   -0.001953739731
               2 C     -2.845030920281    0.020246122408   -0.003833459972
               3 C      1.413413158826    0.031925997724   -0.002537418718
               4 C      0.702498687809    1.290951141799   -0.002054270572
               5 C     -0.719875038565    1.217154939748   -0.002504586446
               6 C     -1.411569324143    0.005669351699   -0.003446552215
               7 C     -0.700392841364   -1.235722383204   -0.003982794311
               8 C      0.693793999367   -1.178894999092   -0.003596932742
               9 H     -1.300698064221    2.139776325746   -0.002111076758
              10 H      1.270950173980   -2.103344490316   -0.004016966349
              11 C      1.380200388930    2.528272945830   -0.001075876584
              12 H      2.472893168901    2.498975853860   -0.000895136255
              13 C      0.716339725197    3.873076233643   -0.000343989083
              14 H      0.045885773870    3.965877086570   -0.879642366954
              15 H      0.042930204393    3.963488614566    0.876911877264
              16 C      1.707883677334    5.044098667040    0.002939480067
              17 H      2.365649450890    4.956177289808    0.886826592016
              18 H      2.368616115039    4.958666558663   -0.878978561533
              19 C      1.022274743745    6.411789536333    0.003714210443
              20 H      0.379635404697    6.537546605027    0.892217778896
              21 H      0.382591242569    6.540038658794   -0.886565617181
              22 C     -1.469960239160   -2.540099485694   -0.004876084896
              23 H     -2.148476689926   -2.541524211197    0.868522080534
              24 H     -2.148623860805   -2.540269725577   -0.878146766770
              25 C     -0.646320681462   -3.830582575398   -0.005824760182
              26 H      0.017155907381   -3.852227691847   -0.889841471576
              27 H      0.016842259639   -3.853697294362    0.878390625748
              28 C     -1.522593521992   -5.089256081075   -0.006999451122
              29 H     -2.189143536956   -5.069162666314    0.874991098766
              30 H     -2.188650304506   -5.067876117795   -0.889331657045
              31 C     -0.711614002586   -6.387670044933   -0.007723168969
              32 H     -0.061636371986   -6.454476411396    0.881793553242
              33 H     -0.061077908669   -6.453144673008   -0.896930365903
              34 C     -4.060897020475    0.036516739688   -0.005241278364
              35 H     -5.133129895403    0.056017399360   -0.007689029111
              36 H      1.758366463989    7.231772748775    0.006090150174
              37 H     -1.367162393187   -7.273683537472   -0.008593286616
              38 C      8.292179546462   -0.332940729546    0.012011277743
              39 C      7.663618562277    0.917739196238    0.010424164559
              40 C      6.272196622672    1.007200495665    0.006871694574
              41 C      5.479680735456   -0.162439863808    0.004850892662
              42 C      6.125128243961   -1.419342150109    0.006473617036
              43 C      7.517115854917   -1.498511675627    0.010027945046
              44 H      9.382577739128   -0.399224755079    0.014758992588
              45 H      5.519091972871   -2.327300299351    0.004919849167
              46 H      8.263082484413    1.831319743861    0.011940301669
              47 H      8.002096343260   -2.477685911140    0.011265073696
              48 H      5.781234451263    1.982182452682    0.005596136606
------------------------ !GEOMETRY! -------------------------
    Number of atoms:    49 
    Geometry Index:     4 
    Coordinates:
               0 C      4.055538744891   -0.075660589370    0.001225847807
               1 C      2.833414980664   -0.009287859923   -0.001974560549
               2 C     -2.845042352978    0.019606033358   -0.004313029610
               3 C      1.413344852705    0.035620349069   -0.002708378541
               4 C      0.701319645698    1.293911576491   -0.002290644345
               5 C     -0.721003929578    1.218720254061   -0.002884601963
               6 C     -1.411574954583    0.006611016370   -0.003816048182
               7 C     -0.699254220167   -1.234165720330   -0.004202704113
               8 C      0.694854630255   -1.175915329777   -0.003749092389
               9 H     -1.302976460236    2.140642079553   -0.002601130345
              10 H      1.273202981300   -2.099577629939   -0.004050284854
              11 C      1.377873382174    2.531811272346   -0.001297769053
              12 H      2.470679341945    2.503475657580   -0.000993664615
              13 C      0.712966179304    3.876153500792   -0.000783869827
              14 H      0.042813548474    3.968428022713   -0.880373391349
              15 H      0.039281462150    3.966038269386    0.876318426449
              16 C      1.703762980267    5.047796668590    0.002830373020
              17 H      2.361282879728    4.960417185475    0.886989919896
              18 H      2.364924714359    4.962849115627   -0.878851245041
              19 C      1.017048310958    6.414960113014    0.003289391864
              20 H      0.374042025930    6.540215774973    0.891608461632
              21 H      0.377703420898    6.542652132181   -0.887324601600
              22 C     -1.467398001869   -2.539379143693   -0.005001772771
              23 H     -2.146232970916   -2.541284905778    0.868200190277
              24 H     -2.145851128564   -2.540478292457   -0.878495092119
              25 C     -0.642471712645   -3.829023293064   -0.005382886364
              26 H      0.021174243519   -3.850432358902   -0.889300602184
              27 H      0.020557751089   -3.851313101983    0.878976817603
              28 C     -1.517797867567   -5.088417935763   -0.006305818081
              29 H     -2.184529876946   -5.068464051740    0.875586779544
              30 H     -2.183723018864   -5.067745019192   -0.888790970420
              31 C     -0.705688909914   -6.386135685255   -0.006467510812
              32 H     -0.055901506088   -6.451950662097    0.883269873167
              33 H     -0.054964888742   -6.451150648624   -0.895577730009
              34 C     -4.060928886911    0.034273747568   -0.005721765161
              35 H     -5.133196423216    0.052024987365   -0.007925741827
              36 H      1.752421969501    7.235592436992    0.005929670929
              37 H     -1.360466868281   -7.272691057885   -0.007209454723
              38 C      8.291063848126   -0.343960847983    0.011907191504
              39 C      7.667063327659    0.908962183326    0.013876261996
              40 C      6.275929741550    1.003387967719    0.010328720672
              41 C      5.479333985725   -0.163372662374    0.004745663277
              42 C      6.120265670877   -1.422686482468    0.002859107873
              43 C      7.511933032380   -1.506817486420    0.006395524348
              44 H      9.381266363379   -0.414008331762    0.014652072371
              45 H      5.510711566037   -2.328254642043   -0.001428642963
              46 H      8.269819140749    1.820359747475    0.018195531266
              47 H      7.993339099026   -2.487757304907    0.004861222279
              48 H      5.788248196748    1.980039201707    0.011839006035
------------------------ !GEOMETRY! -------------------------
    Number of atoms:    49 
    Geometry Index:     5 
    Coordinates:
               0 C      4.055650598973   -0.073547430289    0.001258530119
               1 C      2.833542254057   -0.006599589785   -0.001852781746
               2 C     -2.844938192032    0.019402509317   -0.004604682122
               3 C      1.413420269486    0.037578498725   -0.002650118615
               4 C      0.700731918379    1.295436993620   -0.002273906493
               5 C     -0.721501012134    1.219563253646   -0.002939288322
               6 C     -1.411452891409    0.007143284722   -0.003953150851
               7 C     -0.698523340768   -1.233354780209   -0.004351729358
               8 C      0.695582044241   -1.174420965163   -0.003778218369
               9 H     -1.303965118263    2.141140836069   -0.002675941958
              10 H      1.274535505107   -2.097754417755   -0.004091369338
              11 C      1.376734997790    2.533606186258   -0.001169833789
              12 H      2.469589848389    2.505777890446   -0.000845701504
              13 C      0.711208617908    3.877603850364   -0.000569272030
              14 H      0.041246976313    3.969721041727   -0.880341799858
              15 H      0.037271246475    3.967004912113    0.876407697498
              16 C      1.701375360096    5.049652973774    0.003518279748
              17 H      2.358699565177    4.962416142625    0.887902073743
              18 H      2.362825499110    4.965169138636   -0.878056454353
              19 C      1.013980408071    6.416413981931    0.004035076220
              20 H      0.370653284573    6.541161539529    0.892218129581
              21 H      0.374821497953    6.543927864777   -0.886761563597
              22 C     -1.466096026304   -2.538946466116   -0.005337580771
              23 H     -2.145195047060   -2.541192620964    0.867755460434
              24 H     -2.144376300910   -2.540390306351   -0.879068658065
              25 C     -0.640630606624   -3.828187662907   -0.005523984390
              26 H      0.023195660276   -3.849353377007   -0.889420473185
              27 H      0.022302309983   -3.850153031318    0.879024325860
              28 C     -1.515380475505   -5.087921706732   -0.006537681954
              29 H     -2.182257233823   -5.068236475433    0.875346759444
              30 H     -2.181205470508   -5.067553946244   -0.889201417854
              31 C     -0.702663179750   -6.385164895976   -0.006557901054
              32 H     -0.052972485538   -6.450616666479    0.883323729355
              33 H     -0.051765833597   -6.449834674162   -0.895613899360
              34 C     -4.060832009061    0.033275708357   -0.006061751759
              35 H     -5.133143086751    0.050044130126   -0.008098550281
              36 H      1.748932070401    7.237402381993    0.007036942841
              37 H     -1.357003005539   -7.272006461061   -0.007389764760
              38 C      8.290610702845   -0.349909187239    0.011621356274
              39 C      7.669126271273    0.904242433165    0.011287704597
              40 C      6.278190710327    1.001489072165    0.007859669214
              41 C      5.479289879716   -0.163665908078    0.004674948591
              42 C      6.117696674182   -1.424276070720    0.005036463845
              43 C      7.509165730226   -1.511211075664    0.008484226444
              44 H      9.380725463434   -0.422103769345    0.014310190582
              45 H      5.506204570113   -2.328550060100    0.002589574536
              46 H      8.273733939818    1.814420440623    0.013749957126
              47 H      7.988600432275   -2.493123285388    0.008723078149
              48 H      5.792435048609    1.979098015775    0.007626351535
