-------------------------------------------------------------
----------------------- !PROPERTIES! ------------------------
-------------------------------------------------------------
# -----------------------------------------------------------
$ PAL_Flags
   description: The PAL Flags
   geom. index: 1
   prop. index: 1
        Diskflag:     2
# -----------------------------------------------------------
$ SCF_Energy
   description: The SCF energy
   geom. index: 1
   prop. index: 1
        SCF Energy:     -928.9728149314
# -----------------------------------------------------------
$ DFT_Energy
   description: The DFT energy
   geom. index: 1
   prop. index: 1
   Number of Alpha Electrons                 85.0001230570 
   Number of Beta  Electrons                 84.0001109973 
   Total number of  Electrons               169.0002340543 
   Exchange energy                         -105.5506235911 
   Correlation energy                        -6.5769821821 
   Correlation energy NL                      0.0000000000 
   Exchange-Correlation energy             -112.1276057733 
   Embedding correction                       0.0000000000 
   Total DFT Energy (No VdW correction)    -928.9728149314 
# -----------------------------------------------------------
$ Mayer_Pop
   description: The Mayer population analysis
   geom. index: 1
   prop. index: 1
     Number of atoms                     : 49
     Threshold for printing              : 0.1000000
     Number of bond orders printed       : 58
  NA   - Mulliken gross atomic population
  ZA   - Total nuclear charge
  QA   - Mulliken gross atomic charge
  VA   - Mayer's total valence
  BVA  - Mayer's bonded valence
  FA   - Mayer's free valence
  ATOM       NA         ZA         QA         VA         BVA        FA
  0   0     6.3109     6.0000    -0.3109     3.9448     3.9389     0.0059
  1   0     6.3922     6.0000    -0.3922     3.7745     3.7725     0.0020
  2   0     5.9990     6.0000     0.0010     3.8135     3.8131     0.0004
  3   0     5.5033     6.0000     0.4967     3.8589     3.8249     0.0340
  4   0     5.6193     6.0000     0.3807     3.9626     3.9480     0.0146
  5   0     6.4415     6.0000    -0.4415     4.2454     4.2108     0.0346
  6   0     5.5831     6.0000     0.4169     3.9612     3.9540     0.0072
  7   0     5.6988     6.0000     0.3012     3.8258     3.7884     0.0374
  8   0     6.4027     6.0000    -0.4027     4.3325     4.3244     0.0081
  9   0     0.8703     1.0000     0.1297     0.9659     0.9657     0.0002
 10   0     0.8698     1.0000     0.1302     0.9671     0.9671     0.0000
 11   0     6.2609     6.0000    -0.2609     3.9886     3.6182     0.3704
 12   0     0.8751     1.0000     0.1249     0.9837     0.9821     0.0016
 13   0     6.2673     6.0000    -0.2673     3.9662     3.9648     0.0014
 14   0     0.8499     1.0000     0.1501     0.9646     0.9636     0.0010
 15   0     0.8501     1.0000     0.1499     0.9646     0.9636     0.0010
 16   0     6.2812     6.0000    -0.2812     3.9033     3.9033     0.0000
 17   0     0.8480     1.0000     0.1520     0.9644     0.9644     0.0000
 18   0     0.8481     1.0000     0.1519     0.9644     0.9644     0.0000
 19   0     6.5066     6.0000    -0.5066     3.9070     3.9070     0.0000
 20   0     0.8427     1.0000     0.1573     0.9659     0.9659     0.0000
 21   0     0.8427     1.0000     0.1573     0.9659     0.9659     0.0000
 22   0     6.3846     6.0000    -0.3846     4.0602     4.0600     0.0002
 23   0     0.8474     1.0000     0.1526     0.9628     0.9627     0.0001
 24   0     0.8474     1.0000     0.1526     0.9628     0.9627     0.0001
 25   0     6.2641     6.0000    -0.2641     4.0207     4.0207     0.0000
 26   0     0.8610     1.0000     0.1390     0.9669     0.9669     0.0000
 27   0     0.8610     1.0000     0.1390     0.9668     0.9668     0.0000
 28   0     6.2538     6.0000    -0.2538     3.8887     3.8887     0.0000
 29   0     0.8580     1.0000     0.1420     0.9676     0.9676     0.0000
 30   0     0.8580     1.0000     0.1420     0.9676     0.9676     0.0000
 31   0     6.5076     6.0000    -0.5076     3.9013     3.9013     0.0000
 32   0     0.8427     1.0000     0.1573     0.9659     0.9659     0.0000
 33   0     0.8427     1.0000     0.1573     0.9659     0.9659     0.0000
 34   0     6.5471     6.0000    -0.5471     3.8842     3.8826     0.0016
 35   0     0.8175     1.0000     0.1825     0.9776     0.9776     0.0000
 36   0     0.8557     1.0000     0.1443     0.9675     0.9675     0.0000
 37   0     0.8572     1.0000     0.1428     0.9672     0.9672     0.0000
 38   0     6.1227     6.0000    -0.1227     4.0786     4.0780     0.0006
 39   0     6.0980     6.0000    -0.0980     4.1019     4.1018     0.0001
 40   0     6.2827     6.0000    -0.2827     4.1997     4.1992     0.0005
 41   0     5.3976     6.0000     0.6024     3.9306     3.9303     0.0003
 42   0     6.2765     6.0000    -0.2765     4.2020     4.2015     0.0005
 43   0     6.0991     6.0000    -0.0991     4.0985     4.0984     0.0001
 44   0     0.8950     1.0000     0.1050     0.9585     0.9585     0.0000
 45   0     0.8823     1.0000     0.1177     0.9610     0.9610     0.0000
 46   0     0.8960     1.0000     0.1040     0.9618     0.9618     0.0000
 47   0     0.8958     1.0000     0.1042     0.9619     0.9619     0.0000
 48   0     0.8850     1.0000     0.1150     0.9614     0.9614     0.0000
      Bond orders larger than 0.1000000
           Atom A     A.N. of A          Atom B    A.N. of B              Bond order
                0             6               1            6                2.472233
                0             6               3            6                0.103015
                0             6              41            6                1.020998
                1             6               3            6                0.815066
                1             6               4            6                0.104767
                2             6               6            6                0.904959
                2             6              34            6                2.707912
                3             6               4            6                1.258605
                3             6               7            6                0.103810
                3             6               8            6                1.449960
                4             6               5            6                1.239498
                4             6               6            6                0.107917
                4             6              11            6                1.302203
                5             6               6            6                1.480648
                5             6               9            1                0.976388
                5             6              34            6                0.102793
                6             6               7            6                1.313816
                6             6               8            6                0.103556
                7             6               8            6                1.423104
                7             6              22            6                0.942162
                8             6              10            1                0.972795
               11             6              12            1                0.981211
               11             6              13            6                1.001341
               13             6              14            1                0.955277
               13             6              15            1                0.955168
               13             6              16            6                0.982628
               16             6              17            1                0.972122
               16             6              18            1                0.972043
               16             6              19            6                0.961659
               19             6              20            1                0.972796
               19             6              21            1                0.972814
               19             6              36            1                0.967289
               22             6              23            1                0.959684
               22             6              24            1                0.959714
               22             6              25            6                1.020883
               25             6              26            1                0.960566
               25             6              27            1                0.960595
               25             6              28            6                0.987595
               28             6              29            1                0.971083
               28             6              30            1                0.971081
               28             6              31            6                0.954022
               31             6              32            1                0.973085
               31             6              33            1                0.973084
               31             6              37            1                0.967502
               34             6              35            1                0.984409
               38             6              39            6                1.453026
               38             6              40            6                0.103714
               38             6              42            6                0.100706
               38             6              43            6                1.451328
               38             6              44            1                0.966030
               39             6              40            6                1.478147
               39             6              46            1                0.977260
               40             6              41            6                1.383931
               40             6              48            1                0.981709
               41             6              42            6                1.380118
               42             6              43            6                1.477969
               42             6              45            1                0.982974
               43             6              47            1                0.976555
# -----------------------------------------------------------
$ PAL_Flags
   description: The PAL Flags
   geom. index: 2
   prop. index: 1
        Diskflag:     2
# -----------------------------------------------------------
$ SCF_Energy
   description: The SCF energy
   geom. index: 2
   prop. index: 1
        SCF Energy:     -928.9739116752
# -----------------------------------------------------------
$ DFT_Energy
   description: The DFT energy
   geom. index: 2
   prop. index: 1
   Number of Alpha Electrons                 85.0001172181 
   Number of Beta  Electrons                 84.0001057432 
   Total number of  Electrons               169.0002229612 
   Exchange energy                         -105.5604809012 
   Correlation energy                        -6.5767306767 
   Correlation energy NL                      0.0000000000 
   Exchange-Correlation energy             -112.1372115779 
   Embedding correction                       0.0000000000 
   Total DFT Energy (No VdW correction)    -928.9739116752 
# -----------------------------------------------------------
$ PAL_Flags
   description: The PAL Flags
   geom. index: 3
   prop. index: 1
        Diskflag:     2
# -----------------------------------------------------------
$ SCF_Energy
   description: The SCF energy
   geom. index: 3
   prop. index: 1
        SCF Energy:     -928.9739625018
# -----------------------------------------------------------
$ DFT_Energy
   description: The DFT energy
   geom. index: 3
   prop. index: 1
   Number of Alpha Electrons                 85.0001180172 
   Number of Beta  Electrons                 84.0001067587 
   Total number of  Electrons               169.0002247758 
   Exchange energy                         -105.5566663701 
   Correlation energy                        -6.5763317860 
   Correlation energy NL                      0.0000000000 
   Exchange-Correlation energy             -112.1329981561 
   Embedding correction                       0.0000000000 
   Total DFT Energy (No VdW correction)    -928.9739625018 
# -----------------------------------------------------------
$ PAL_Flags
   description: The PAL Flags
   geom. index: 4
   prop. index: 1
        Diskflag:     2
# -----------------------------------------------------------
$ SCF_Energy
   description: The SCF energy
   geom. index: 4
   prop. index: 1
        SCF Energy:     -928.9739770029
# -----------------------------------------------------------
$ DFT_Energy
   description: The DFT energy
   geom. index: 4
   prop. index: 1
   Number of Alpha Electrons                 85.0001185897 
   Number of Beta  Electrons                 84.0001074578 
   Total number of  Electrons               169.0002260474 
   Exchange energy                         -105.5546733528 
   Correlation energy                        -6.5761636560 
   Correlation energy NL                      0.0000000000 
   Exchange-Correlation energy             -112.1308370088 
   Embedding correction                       0.0000000000 
   Total DFT Energy (No VdW correction)    -928.9739770029 
# -----------------------------------------------------------
$ PAL_Flags
   description: The PAL Flags
   geom. index: 5
   prop. index: 1
        Diskflag:     2
# -----------------------------------------------------------
$ SCF_Energy
   description: The SCF energy
   geom. index: 5
   prop. index: 1
        SCF Energy:     -928.9739797901
# -----------------------------------------------------------
$ DFT_Energy
   description: The DFT energy
   geom. index: 5
   prop. index: 1
   Number of Alpha Electrons                 85.0001187055 
   Number of Beta  Electrons                 84.0001076091 
   Total number of  Electrons               169.0002263146 
   Exchange energy                         -105.5548054441 
   Correlation energy                        -6.5761830666 
   Correlation energy NL                      0.0000000000 
   Exchange-Correlation energy             -112.1309885107 
   Embedding correction                       0.0000000000 
   Total DFT Energy (No VdW correction)    -928.9739797901 
# -----------------------------------------------------------
$ PAL_Flags
   description: The PAL Flags
   geom. index: 6
   prop. index: 1
        Diskflag:     2
# -----------------------------------------------------------
$ SCF_Energy
   description: The SCF energy
   geom. index: 6
   prop. index: 1
        SCF Energy:     -928.9739808726
# -----------------------------------------------------------
$ DFT_Energy
   description: The DFT energy
   geom. index: 6
   prop. index: 1
   Number of Alpha Electrons                 85.0001187142 
   Number of Beta  Electrons                 84.0001076352 
   Total number of  Electrons               169.0002263495 
   Exchange energy                         -105.5551266699 
   Correlation energy                        -6.5762137553 
   Correlation energy NL                      0.0000000000 
   Exchange-Correlation energy             -112.1313404252 
   Embedding correction                       0.0000000000 
   Total DFT Energy (No VdW correction)    -928.9739808726 
# -----------------------------------------------------------
$ Mayer_Pop
   description: The Mayer population analysis
   geom. index: 6
   prop. index: 1
     Number of atoms                     : 49
     Threshold for printing              : 0.1000000
     Number of bond orders printed       : 55
  NA   - Mulliken gross atomic population
  ZA   - Total nuclear charge
  QA   - Mulliken gross atomic charge
  VA   - Mayer's total valence
  BVA  - Mayer's bonded valence
  FA   - Mayer's free valence
  ATOM       NA         ZA         QA         VA         BVA        FA
  0   0     6.3106     6.0000    -0.3106     3.9385     3.9325     0.0060
  1   0     6.3890     6.0000    -0.3890     3.7674     3.7654     0.0020
  2   0     6.0049     6.0000    -0.0049     3.8117     3.8113     0.0004
  3   0     5.5091     6.0000     0.4909     3.8468     3.8127     0.0341
  4   0     5.6225     6.0000     0.3775     3.9564     3.9416     0.0148
  5   0     6.4377     6.0000    -0.4377     4.2366     4.2015     0.0351
  6   0     5.5848     6.0000     0.4152     3.9459     3.9386     0.0073
  7   0     5.7078     6.0000     0.2922     3.8250     3.7874     0.0376
  8   0     6.3969     6.0000    -0.3969     4.3212     4.3129     0.0083
  9   0     0.8682     1.0000     0.1318     0.9651     0.9649     0.0002
 10   0     0.8679     1.0000     0.1321     0.9665     0.9665     0.0000
 11   0     6.2644     6.0000    -0.2644     3.9832     3.6078     0.3754
 12   0     0.8736     1.0000     0.1264     0.9834     0.9818     0.0016
 13   0     6.2711     6.0000    -0.2711     3.9617     3.9604     0.0013
 14   0     0.8473     1.0000     0.1527     0.9639     0.9630     0.0009
 15   0     0.8476     1.0000     0.1524     0.9640     0.9631     0.0009
 16   0     6.2888     6.0000    -0.2888     3.9024     3.9024     0.0000
 17   0     0.8452     1.0000     0.1548     0.9637     0.9637     0.0000
 18   0     0.8454     1.0000     0.1546     0.9637     0.9637     0.0000
 19   0     6.5096     6.0000    -0.5096     3.9062     3.9062     0.0000
 20   0     0.8405     1.0000     0.1595     0.9653     0.9653     0.0000
 21   0     0.8405     1.0000     0.1595     0.9653     0.9653     0.0000
 22   0     6.3870     6.0000    -0.3870     4.0556     4.0554     0.0002
 23   0     0.8449     1.0000     0.1551     0.9621     0.9620     0.0001
 24   0     0.8448     1.0000     0.1552     0.9620     0.9619     0.0001
 25   0     6.2697     6.0000    -0.2697     4.0161     4.0161     0.0000
 26   0     0.8581     1.0000     0.1419     0.9662     0.9662     0.0000
 27   0     0.8581     1.0000     0.1419     0.9662     0.9662     0.0000
 28   0     6.2625     6.0000    -0.2625     3.8879     3.8879     0.0000
 29   0     0.8551     1.0000     0.1449     0.9669     0.9669     0.0000
 30   0     0.8551     1.0000     0.1449     0.9669     0.9669     0.0000
 31   0     6.5105     6.0000    -0.5105     3.9008     3.9008     0.0000
 32   0     0.8406     1.0000     0.1594     0.9653     0.9653     0.0000
 33   0     0.8406     1.0000     0.1594     0.9653     0.9653     0.0000
 34   0     6.5420     6.0000    -0.5420     3.8864     3.8848     0.0016
 35   0     0.8162     1.0000     0.1838     0.9774     0.9774     0.0000
 36   0     0.8541     1.0000     0.1459     0.9671     0.9671     0.0000
 37   0     0.8556     1.0000     0.1444     0.9668     0.9668     0.0000
 38   0     6.1243     6.0000    -0.1243     4.0767     4.0761     0.0006
 39   0     6.0997     6.0000    -0.0997     4.0994     4.0993     0.0001
 40   0     6.2808     6.0000    -0.2808     4.1939     4.1934     0.0005
 41   0     5.4049     6.0000     0.5951     3.9214     3.9211     0.0003
 42   0     6.2761     6.0000    -0.2761     4.1980     4.1975     0.0005
 43   0     6.1001     6.0000    -0.1001     4.0957     4.0956     0.0001
 44   0     0.8932     1.0000     0.1068     0.9581     0.9581     0.0000
 45   0     0.8807     1.0000     0.1193     0.9606     0.9606     0.0000
 46   0     0.8945     1.0000     0.1055     0.9614     0.9614     0.0000
 47   0     0.8942     1.0000     0.1058     0.9615     0.9615     0.0000
 48   0     0.8834     1.0000     0.1166     0.9610     0.9610     0.0000
      Bond orders larger than 0.1000000
           Atom A     A.N. of A          Atom B    A.N. of B              Bond order
                0             6               1            6                2.473891
                0             6              41            6                1.018527
                1             6               3            6                0.817673
                1             6               4            6                0.100834
                2             6               6            6                0.901695
                2             6              34            6                2.713615
                3             6               4            6                1.256178
                3             6               8            6                1.447968
                4             6               5            6                1.242711
                4             6               6            6                0.103705
                4             6              11            6                1.298297
                5             6               6            6                1.478491
                5             6               9            1                0.975420
                5             6              34            6                0.101394
                6             6               7            6                1.312200
                6             6               8            6                0.101720
                7             6               8            6                1.423090
                7             6              22            6                0.941877
                8             6              10            1                0.971412
               11             6              12            1                0.980720
               11             6              13            6                0.999094
               13             6              14            1                0.956328
               13             6              15            1                0.956178
               13             6              16            6                0.982093
               16             6              17            1                0.972435
               16             6              18            1                0.972272
               16             6              19            6                0.961853
               19             6              20            1                0.972807
               19             6              21            1                0.972843
               19             6              36            1                0.967452
               22             6              23            1                0.959940
               22             6              24            1                0.959967
               22             6              25            6                1.019478
               25             6              26            1                0.961404
               25             6              27            1                0.961454
               25             6              28            6                0.985789
               28             6              29            1                0.971690
               28             6              30            1                0.971689
               28             6              31            6                0.954296
               31             6              32            1                0.973112
               31             6              33            1                0.973112
               31             6              37            1                0.967671
               34             6              35            1                0.983397
               38             6              39            6                1.453270
               38             6              40            6                0.101204
               38             6              43            6                1.451528
               38             6              44            1                0.965570
               39             6              40            6                1.478526
               39             6              46            1                0.976720
               40             6              41            6                1.382796
               40             6              48            1                0.980865
               41             6              42            6                1.380404
               42             6              43            6                1.478250
               42             6              45            1                0.982108
               43             6              47            1                0.975957
# -----------------------------------------------------------
$ SCF_Electric_Properties
   description: The SCF Calculated Electric Properties
   geom. index: 6
   prop. index: 1
       Filename                          : opt_EPRII.scfp 
       Do Dipole Moment Calculation      : true 
       Do Quadrupole Moment Calculation  : false 
       Do Polarizability Calculation     : false 
** Dipole moment part of electric properties **
        Magnitude of dipole moment (Debye) :        0.5284043435
        Electronic Contribution:
                  0    
      0      10.557464
      1       2.037770
      2      -0.009995
        Nuclear Contribution:
                  0    
      0     -10.350956
      1      -2.013889
      2       0.010927
        Total Dipole moment:
                  0    
      0       0.206508
      1       0.023881
      2       0.000933
# -------------------------------------------------------------
----------------------- !GEOMETRIES! ------------------------
# -------------------------------------------------------------
------------------------ !GEOMETRY! -------------------------
    Number of atoms:    49 
    Geometry Index:     1 
    Coordinates:
               0 C      4.055650598973   -0.073547430289    0.001258530119
               1 C      2.833542254057   -0.006599589785   -0.001852781746
               2 C     -2.844938192032    0.019402509317   -0.004604682122
               3 C      1.413420269486    0.037578498725   -0.002650118615
               4 C      0.700731918379    1.295436993620   -0.002273906493
               5 C     -0.721501012134    1.219563253646   -0.002939288322
               6 C     -1.411452891409    0.007143284722   -0.003953150851
               7 C     -0.698523340768   -1.233354780209   -0.004351729358
               8 C      0.695582044241   -1.174420965163   -0.003778218369
               9 H     -1.303965118263    2.141140836069   -0.002675941958
              10 H      1.274535505107   -2.097754417755   -0.004091369338
              11 C      1.376734997790    2.533606186258   -0.001169833789
              12 H      2.469589848389    2.505777890446   -0.000845701504
              13 C      0.711208617908    3.877603850364   -0.000569272030
              14 H      0.041246976313    3.969721041727   -0.880341799858
              15 H      0.037271246475    3.967004912113    0.876407697498
              16 C      1.701375360096    5.049652973774    0.003518279748
              17 H      2.358699565177    4.962416142625    0.887902073743
              18 H      2.362825499110    4.965169138636   -0.878056454353
              19 C      1.013980408071    6.416413981931    0.004035076220
              20 H      0.370653284573    6.541161539529    0.892218129581
              21 H      0.374821497953    6.543927864777   -0.886761563597
              22 C     -1.466096026304   -2.538946466116   -0.005337580771
              23 H     -2.145195047060   -2.541192620964    0.867755460434
              24 H     -2.144376300910   -2.540390306351   -0.879068658065
              25 C     -0.640630606624   -3.828187662907   -0.005523984390
              26 H      0.023195660276   -3.849353377007   -0.889420473185
              27 H      0.022302309983   -3.850153031318    0.879024325860
              28 C     -1.515380475505   -5.087921706732   -0.006537681954
              29 H     -2.182257233823   -5.068236475433    0.875346759444
              30 H     -2.181205470508   -5.067553946244   -0.889201417854
              31 C     -0.702663179750   -6.385164895976   -0.006557901054
              32 H     -0.052972485538   -6.450616666479    0.883323729355
              33 H     -0.051765833597   -6.449834674162   -0.895613899360
              34 C     -4.060832009061    0.033275708357   -0.006061751759
              35 H     -5.133143086751    0.050044130126   -0.008098550281
              36 H      1.748932070401    7.237402381993    0.007036942841
              37 H     -1.357003005539   -7.272006461061   -0.007389764760
              38 C      8.290610702845   -0.349909187239    0.011621356274
              39 C      7.669126271273    0.904242433165    0.011287704597
              40 C      6.278190710327    1.001489072165    0.007859669214
              41 C      5.479289879716   -0.163665908078    0.004674948591
              42 C      6.117696674182   -1.424276070720    0.005036463845
              43 C      7.509165730226   -1.511211075664    0.008484226444
              44 H      9.380725463434   -0.422103769345    0.014310190582
              45 H      5.506204570113   -2.328550060099    0.002589574536
              46 H      8.273733939818    1.814420440623    0.013749957126
              47 H      7.988600432275   -2.493123285388    0.008723078149
              48 H      5.792435048609    1.979098015775    0.007626351535
------------------------ !GEOMETRY! -------------------------
    Number of atoms:    49 
    Geometry Index:     2 
    Coordinates:
               0 C      4.057374628672   -0.073527207632    0.001286713371
               1 C      2.832295872222   -0.008513884369   -0.001777241918
               2 C     -2.855301527227    0.019994318366   -0.005020194969
               3 C      1.409836841485    0.035084119469   -0.002578414178
               4 C      0.696756042519    1.295479229352   -0.002284498251
               5 C     -0.728403741812    1.221698918956   -0.003173780780
               6 C     -1.419511383410    0.006744473570   -0.004265293137
               7 C     -0.706406095138   -1.236862810780   -0.004488355921
               8 C      0.690621795232   -1.179199197356   -0.003731891654
               9 H     -1.306565804276    2.139352444382   -0.002985311084
              10 H      1.265371187959   -2.098435222582   -0.003948781418
              11 C      1.376903275594    2.535275854531   -0.001024668621
              12 H      2.463682045602    2.505886880159   -0.000482536587
              13 C      0.713225206939    3.884376629953   -0.000549281927
              14 H      0.049232395527    3.978532874456   -0.875982236298
              15 H      0.044602109544    3.975687636372    0.871619184034
              16 C      1.708698539775    5.056772103250    0.004034357096
              17 H      2.360774072105    4.969246870384    0.883513229348
              18 H      2.365580137059    4.972119069003   -0.872150435790
              19 C      1.022222079233    6.429154282416    0.004393117198
              20 H      0.383205657593    6.553748108432    0.886649760342
              21 H      0.388034352575    6.556622705141   -0.880933149596
              22 C     -1.476382582838   -2.544728472787   -0.005519958911
              23 H     -2.150535724547   -2.547834363448    0.863251022489
              24 H     -2.149403133343   -2.547163183011   -0.875171186407
              25 C     -0.647532144504   -3.835976814939   -0.005457149069
              26 H      0.012046002963   -3.857055534649   -0.884307438420
              27 H      0.010845015912   -3.857711730919    0.874278683302
              28 C     -1.522797835309   -5.099778518156   -0.006524708224
              29 H     -2.185109812502   -5.081450583551    0.870179677144
              30 H     -2.183763055760   -5.080906033774   -0.884233291222
              31 C     -0.706161364642   -6.400031258366   -0.006303178624
              32 H     -0.060989669721   -6.463494331381    0.877934932358
              33 H     -0.059489408697   -6.462852166015   -0.889490049491
              34 C     -4.075149692424    0.032655495837   -0.006539421013
              35 H     -5.140599751063    0.048137261468   -0.008546283749
              36 H      1.754388686608    7.243555074466    0.007718924722
              37 H     -1.355299366730   -7.282272081774   -0.007172134969
              38 C      8.304245072186   -0.342979634297    0.011363315584
              39 C      7.677999795476    0.914066915254    0.010597152996
              40 C      6.282762407077    1.008679496321    0.007247737928
              41 C      5.484384285166   -0.161379533888    0.004637523839
              42 C      6.126292607475   -1.424416035791    0.005386255755
              43 C      7.522016458035   -1.509392440107    0.008735887787
              44 H      9.388917973441   -0.412851724010    0.013965239180
              45 H      5.519280358452   -2.325166173147    0.003346832316
              46 H      8.277779829988    1.820716620962    0.012612727804
              47 H      8.000794917611   -2.485392857530    0.009298873425
              48 H      5.797410483915    1.980402661764    0.006652774208
------------------------ !GEOMETRY! -------------------------
    Number of atoms:    49 
    Geometry Index:     3 
    Coordinates:
               0 C      4.056703419924   -0.074419037368    0.001206712556
               1 C      2.831056095494   -0.010845915352   -0.001819550016
               2 C     -2.857668636146    0.021218175001   -0.005367070610
               3 C      1.408086234440    0.032844050197   -0.002647538278
               4 C      0.695809757248    1.294029754705   -0.002390360719
               5 C     -0.729987884157    1.222709658845   -0.003389563687
               6 C     -1.421394941464    0.007167861491   -0.004483948188
               7 C     -0.709425504633   -1.237465827645   -0.004624333961
               8 C      0.688335828362   -1.181772471688   -0.003795623682
               9 H     -1.306586428122    2.140997288939   -0.003263455392
              10 H      1.261556240007   -2.101610273180   -0.003953024333
              11 C      1.378160172445    2.533453964836   -0.001016442331
              12 H      2.464522913550    2.503519414456   -0.000316541302
              13 C      0.714139652794    3.884004514922   -0.000616858197
              14 H      0.052852113344    3.979262245880   -0.876751244311
              15 H      0.047481003240    3.976161093653    0.871734018277
              16 C      1.713208117869    5.055218494529    0.004571824805
              17 H      2.363199089697    4.967692980165    0.884578805152
              18 H      2.368783721698    4.970811730290   -0.871598092294
              19 C      1.025868465594    6.429337216412    0.004816591586
              20 H      0.387304072410    6.552757426402    0.886781217745
              21 H      0.392890509993    6.555863583629   -0.880729399151
              22 C     -1.481239370656   -2.545320818201   -0.005650132334
              23 H     -2.153422869761   -2.548991736659    0.863595932482
              24 H     -2.152093690865   -2.548445782312   -0.875926045427
              25 C     -0.648973353968   -3.836061227194   -0.005395833048
              26 H      0.009214826737   -3.856896838258   -0.884317948020
              27 H      0.007835594816   -3.857407370054    0.874547026131
              28 C     -1.525059917474   -5.101030939639   -0.006444786899
              29 H     -2.185838212919   -5.083866223928    0.870421831497
              30 H     -2.184322845507   -5.083463963208   -0.884443233197
              31 C     -0.704858186336   -6.401304797434   -0.006035182160
              32 H     -0.060522320244   -6.462333383290    0.878210527791
              33 H     -0.058853466247   -6.461833849203   -0.889096118490
              34 C     -4.078074193285    0.032537551514   -0.006963220054
              35 H     -5.143759473850    0.046832276173   -0.008964453109
              36 H      1.758762883079    7.242370060738    0.008560755569
              37 H     -1.353022395403   -7.283590855644   -0.006893132015
              38 C      8.305832232669   -0.338834287769    0.011152634371
              39 C      7.677411092418    0.918414735909    0.009896006008
              40 C      6.281137690856    1.011339146460    0.006586739182
              41 C      5.484501525352   -0.160662242083    0.004502823104
              42 C      6.127563173023   -1.423788393854    0.005756255628
              43 C      7.524317033143   -1.507104665270    0.009063938750
              44 H      9.390192015369   -0.407368708846    0.013727208225
              45 H      5.521716027907   -2.324905337396    0.004132937828
              46 H      8.275961130462    1.825427169952    0.011491989539
              47 H      8.004289726995   -2.482096491805    0.010011797132
              48 H      5.794589370102    1.982069292184    0.005608607846
------------------------ !GEOMETRY! -------------------------
    Number of atoms:    49 
    Geometry Index:     4 
    Coordinates:
               0 C      4.056590227775   -0.074852399804    0.001151460896
               1 C      2.830817149388   -0.013008784776   -0.001840223471
               2 C     -2.857542334795    0.021758667869   -0.005891224717
               3 C      1.407690806687    0.030807172947   -0.002727139532
               4 C      0.696241052889    1.292378122138   -0.002549657473
               5 C     -0.729712965999    1.222984317498   -0.003725631455
               6 C     -1.421092386717    0.007216944615   -0.004842017652
               7 C     -0.710303248021   -1.237905020099   -0.004821612995
               8 C      0.687755135036   -1.183777442625   -0.003873821090
               9 H     -1.305177439021    2.141975069412   -0.003711131699
              10 H      1.259900475324   -2.104253533311   -0.003938305245
              11 C      1.380065145244    2.531313959437   -0.001066836445
              12 H      2.466405938450    2.501284691587   -0.000188999967
              13 C      0.715436340689    3.882469938654   -0.000801749283
              14 H      0.056439364391    3.978453571583   -0.878322918556
              15 H      0.049995893762    3.975009921900    0.872173134167
              16 C      1.716763311515    5.052731242610    0.005238682793
              17 H      2.364968689642    4.965395248989    0.886443108462
              18 H      2.371681894099    4.968846944323   -0.871336841812
              19 C      1.028471241379    6.427616229208    0.005294778271
              20 H      0.389788571641    6.549572386869    0.887357668524
              21 H      0.396475594800    6.552987804482   -0.881097557535
              22 C     -1.484025089409   -2.545385832456   -0.005820798236
              23 H     -2.154881823564   -2.549023841855    0.864233837639
              24 H     -2.153236135510   -2.548706986468   -0.877146379623
              25 C     -0.650639142686   -3.836404737092   -0.005241453009
              26 H      0.006530192556   -3.857888607565   -0.884741251426
              27 H      0.004875592043   -3.858128698527    0.875488699070
              28 C     -1.528496802642   -5.101042058239   -0.006230712660
              29 H     -2.188209624395   -5.084096268580    0.871301682605
              30 H     -2.186427888738   -5.083962765286   -0.885097104424
              31 C     -0.707024562173   -6.401799185409   -0.005495226382
              32 H     -0.063315690798   -6.461203571149    0.879307050016
              33 H     -0.061382153566   -6.460976559876   -0.888902024002
              34 C     -4.078000939036    0.031130300153   -0.007584419692
              35 H     -5.143815368720    0.043792049725   -0.009574808176
              36 H      1.762140403514    7.240034682228    0.009634676367
              37 H     -1.355765820781   -7.283728483982   -0.006313196212
              38 C      8.306114898767   -0.333527890846    0.010841613635
              39 C      7.675831949520    0.923066220114    0.009571379875
              40 C      6.279246396686    1.014162865579    0.006355545862
              41 C      5.484726921934   -0.159276340804    0.004385002618
              42 C      6.128988800751   -1.421768277534    0.005638428789
              43 C      7.526059711860   -1.503069891167    0.008854083770
              44 H      9.390606623019   -0.400596269458    0.013343842370
              45 H      5.524304187085   -2.323700291668    0.004086764473
              46 H      8.273366006672    1.830830434939    0.011079553653
              47 H      8.007663711911   -2.477331606415    0.009808105547
              48 H      5.791285227544    1.984214808130    0.005356993368
------------------------ !GEOMETRY! -------------------------
    Number of atoms:    49 
    Geometry Index:     5 
    Coordinates:
               0 C      4.056709760757   -0.075015446601    0.001059484867
               1 C      2.830972306565   -0.014285805738   -0.001905225900
               2 C     -2.856944773710    0.021950860021   -0.006287247691
               3 C      1.407858806255    0.029765335981   -0.002848219920
               4 C      0.696875420807    1.291488903210   -0.002739268704
               5 C     -0.729037333422    1.222802535405   -0.004017900956
               6 C     -1.420477733965    0.007123817444   -0.005120933323
               7 C     -0.710257960161   -1.238113364383   -0.004992701443
               8 C      0.687805804837   -1.184607951086   -0.003975381137
               9 H     -1.304035167393    2.142111312800   -0.004090385780
              10 H      1.259523883851   -2.105412306066   -0.003968170807
              11 C      1.381199456333    2.530165092585   -0.001203195928
              12 H      2.467572101020    2.500185446664   -0.000243788554
              13 C      0.716426038468    3.881387312277   -0.001014979930
              14 H      0.058507219336    3.977653691143   -0.879367151695
              15 H      0.051114059223    3.973854445387    0.872112036272
              16 C      1.718150573927    5.051417345595    0.005814401678
              17 H      2.365447574568    4.964118908798    0.887761352765
              18 H      2.373159136571    4.967925156548   -0.870805189972
              19 C      1.029597049853    6.426408058939    0.005751034459
              20 H      0.390563645686    6.547598870949    0.887741749036
              21 H      0.398226261162    6.551348568424   -0.881223749186
              22 C     -1.484738266827   -2.545277015646   -0.005955330210
              23 H     -2.155221200029   -2.548671632568    0.864426216789
              24 H     -2.153348732897   -2.548546200015   -0.877781677483
              25 C     -0.651744409299   -3.836701501301   -0.005125640671
              26 H      0.005086645697   -3.858765149190   -0.884932351888
              27 H      0.003260422250   -3.858769016687    0.876043907708
              28 C     -1.530466507332   -5.100812427638   -0.006030769097
              29 H     -2.189851408343   -5.083647357217    0.871819172950
              30 H     -2.187904940689   -5.083747060887   -0.885341300838
              31 C     -0.709249176865   -6.401962341359   -0.005045165359
              32 H     -0.065819624233   -6.460904495229    0.880069818859
              33 H     -0.063727871486   -6.460916998841   -0.888634069924
              34 C     -4.077316921134    0.029963561807   -0.008042256486
              35 H     -5.143171911907    0.041584731013   -0.010007973862
              36 H      1.763558274185    7.238666478346    0.010647337675
              37 H     -1.358642789040   -7.283503477262   -0.005801484107
              38 C      8.306002720650   -0.330433684016    0.010620424545
              39 C      7.674843213355    0.925540454194    0.009290741311
              40 C      6.278304999690    1.015609686412    0.006116562813
              41 C      5.484902367410   -0.158417629482    0.004242496501
              42 C      6.129946938601   -1.420344022100    0.005568189014
              43 C      7.526974601429   -1.500469071075    0.008741554811
              44 H      9.390619307599   -0.396672146869    0.013090672689
              45 H      5.525943190067   -2.322798643108    0.004102062237
              46 H      8.271855510658    1.833745335670    0.010721675438
              47 H      8.009547943503   -2.474341966661    0.009748162480
              48 H      5.789579534418    1.985339051415    0.005075505955
------------------------ !GEOMETRY! -------------------------
    Number of atoms:    49 
    Geometry Index:     6 
    Coordinates:
               0 C      4.056805952427   -0.075107404324    0.000986543049
               1 C      2.831074791272   -0.015246852254   -0.001956671257
               2 C     -2.856691131202    0.022164198082   -0.006721374172
               3 C      1.407980194412    0.029083536167   -0.002965434623
               4 C      0.697312786553    1.290947946467   -0.002944278481
               5 C     -0.728575561258    1.222562722998   -0.004345417532
               6 C     -1.420227511848    0.007050824271   -0.005438843592
               7 C     -0.710322888814   -1.238278720005   -0.005175666812
               8 C      0.687725031953   -1.185075394021   -0.004073328232
               9 H     -1.303317585430    2.142042694073   -0.004518334037
              10 H      1.259190867434   -2.106066729564   -0.003981997556
              11 C      1.381870504712    2.529466048405   -0.001368029746
              12 H      2.468254625832    2.499460989114   -0.000331409866
              13 C      0.717226873987    3.880713832281   -0.001278576164
              14 H      0.060018433401    3.977203977440   -0.880187116088
              15 H      0.051518594856    3.973005015458    0.871605494504
              16 C      1.718911566339    5.050707432223    0.006459226563
              17 H      2.365528843662    4.963268905387    0.888934065238
              18 H      2.374398240019    4.967474752757   -0.869873603741
              19 C      1.030428810549    6.425728833128    0.006250044838
              20 H      0.390877616225    6.546562300702    0.887945132734
              21 H      0.399676735268    6.550691061791   -0.881192831497
              22 C     -1.485073626030   -2.545235660572   -0.006098121214
              23 H     -2.155575459519   -2.548390036671    0.864305309348
              24 H     -2.153450084089   -2.548475837259   -0.878141262190
              25 C     -0.652575125802   -3.836931361727   -0.004992482621
              26 H      0.004232372038   -3.859373281332   -0.884856420213
              27 H      0.002221442232   -3.859116221121    0.876378141721
              28 C     -1.531600931355   -5.100748625725   -0.005803549963
              29 H     -2.190976545962   -5.083335283265    0.872095520322
              30 H     -2.188855308996   -5.083688908935   -0.885298737395
              31 C     -0.710777030437   -6.402135312147   -0.004548175647
              32 H     -0.067505625441   -6.460952083413    0.880720636243
              33 H     -0.065250335356   -6.461227869130   -0.888154498545
              34 C     -4.077021947363    0.029148007138   -0.008537532422
              35 H     -5.142880999187    0.040087074131   -0.010480799671
              36 H      1.764519959057    7.237890958118    0.011790869365
              37 H     -1.360545165220   -7.283423208585   -0.005233192164
              38 C      8.306013044742   -0.328427166904    0.010362842864
              39 C      7.674296782344    0.927139126464    0.009002753686
              40 C      6.277792542212    1.016520378792    0.005896330084
              41 C      5.485014918450   -0.157854182246    0.004124032730
              42 C      6.130667884346   -1.419395622210    0.005474285219
              43 C      7.527660556290   -1.498777051385    0.008579943521
              44 H      9.390692591807   -0.394124046223    0.012777608550
              45 H      5.527121343426   -2.322181713435    0.004079468917
              46 H      8.270944264307    1.835618313954    0.010356454548
              47 H      8.010834485306   -2.472384642325    0.009607644409
              48 H      5.788588247851    1.986032535435    0.004828386985
