-------------------------------------------------------------
----------------------- !PROPERTIES! ------------------------
-------------------------------------------------------------
# -----------------------------------------------------------
$ PAL_Flags
   description: The PAL Flags
   geom. index: 1
   prop. index: 1
        Diskflag:     2
# -----------------------------------------------------------
$ SCF_Energy
   description: The SCF energy
   geom. index: 1
   prop. index: 1
        SCF Energy:     -928.9023201567
# -----------------------------------------------------------
$ DFT_Energy
   description: The DFT energy
   geom. index: 1
   prop. index: 1
   Number of Alpha Electrons                 85.0001257787 
   Number of Beta  Electrons                 84.0001161578 
   Total number of  Electrons               169.0002419365 
   Exchange energy                         -105.6590205587 
   Correlation energy                        -6.5755997537 
   Correlation energy NL                      0.0000000000 
   Exchange-Correlation energy             -112.2346203124 
   Embedding correction                       0.0000000000 
   Total DFT Energy (No VdW correction)    -928.9023201567 
# -----------------------------------------------------------
$ Mayer_Pop
   description: The Mayer population analysis
   geom. index: 1
   prop. index: 1
     Number of atoms                     : 49
     Threshold for printing              : 0.1000000
     Number of bond orders printed       : 51
  NA   - Mulliken gross atomic population
  ZA   - Total nuclear charge
  QA   - Mulliken gross atomic charge
  VA   - Mayer's total valence
  BVA  - Mayer's bonded valence
  FA   - Mayer's free valence
  ATOM       NA         ZA         QA         VA         BVA        FA
  0   0     5.8535     6.0000     0.1465     2.6176     2.6116     0.0060
  1   0     5.7238     6.0000     0.2762     2.4743     2.4721     0.0022
  2   0     5.3727     6.0000     0.6273     2.8907     2.8903     0.0004
  3   0     6.1776     6.0000    -0.1776     3.7516     3.7173     0.0343
  4   0     5.9286     6.0000     0.0714     4.1372     4.1221     0.0151
  5   0     6.0100     6.0000    -0.0100     3.8594     3.8255     0.0339
  6   0     6.0233     6.0000    -0.0233     3.8134     3.8060     0.0074
  7   0     6.0762     6.0000    -0.0762     4.1282     4.0909     0.0373
  8   0     5.9921     6.0000     0.0079     3.9055     3.8974     0.0081
  9   0     1.0503     1.0000    -0.0503     1.0023     1.0022     0.0001
 10   0     1.0545     1.0000    -0.0545     1.0038     1.0038     0.0000
 11   0     6.1004     6.0000    -0.1004     3.9307     3.5692     0.3615
 12   0     1.0260     1.0000    -0.0260     1.0085     1.0073     0.0012
 13   0     5.9655     6.0000     0.0345     4.0098     4.0084     0.0014
 14   0     0.9705     1.0000     0.0295     0.9627     0.9616     0.0011
 15   0     0.9705     1.0000     0.0295     0.9627     0.9616     0.0011
 16   0     6.0390     6.0000    -0.0390     4.1316     4.1316     0.0000
 17   0     0.9878     1.0000     0.0122     0.9640     0.9640     0.0000
 18   0     0.9878     1.0000     0.0122     0.9640     0.9640     0.0000
 19   0     5.9933     6.0000     0.0067     4.0162     4.0162     0.0000
 20   0     0.9823     1.0000     0.0177     0.9775     0.9775     0.0000
 21   0     0.9823     1.0000     0.0177     0.9775     0.9775     0.0000
 22   0     5.9563     6.0000     0.0437     4.0293     4.0291     0.0002
 23   0     0.9682     1.0000     0.0318     0.9696     0.9695     0.0001
 24   0     0.9682     1.0000     0.0318     0.9696     0.9695     0.0001
 25   0     6.0358     6.0000    -0.0358     4.1150     4.1150     0.0000
 26   0     0.9836     1.0000     0.0164     0.9629     0.9629     0.0000
 27   0     0.9836     1.0000     0.0164     0.9629     0.9629     0.0000
 28   0     6.0237     6.0000    -0.0237     4.1171     4.1171     0.0000
 29   0     0.9940     1.0000     0.0060     0.9674     0.9674     0.0000
 30   0     0.9940     1.0000     0.0060     0.9674     0.9674     0.0000
 31   0     5.9962     6.0000     0.0038     4.0168     4.0168     0.0000
 32   0     0.9832     1.0000     0.0168     0.9773     0.9773     0.0000
 33   0     0.9832     1.0000     0.0168     0.9773     0.9773     0.0000
 34   0     6.6064     6.0000    -0.6064     3.3875     3.3859     0.0016
 35   0     1.0298     1.0000    -0.0298     1.0305     1.0305     0.0000
 36   0     0.9868     1.0000     0.0132     0.9733     0.9733     0.0000
 37   0     0.9874     1.0000     0.0126     0.9734     0.9734     0.0000
 38   0     5.9667     6.0000     0.0333     3.9978     3.9972     0.0006
 39   0     5.9595     6.0000     0.0405     3.9989     3.9988     0.0001
 40   0     5.9742     6.0000     0.0258     3.9939     3.9934     0.0005
 41   0     6.2583     6.0000    -0.2583     3.9298     3.9295     0.0003
 42   0     5.9690     6.0000     0.0310     3.9934     3.9929     0.0005
 43   0     5.9589     6.0000     0.0411     3.9989     3.9988     0.0001
 44   0     1.0279     1.0000    -0.0279     0.9687     0.9687     0.0000
 45   0     1.0412     1.0000    -0.0412     0.9838     0.9838     0.0000
 46   0     1.0282     1.0000    -0.0282     0.9685     0.9685     0.0000
 47   0     1.0278     1.0000    -0.0278     0.9683     0.9683     0.0000
 48   0     1.0394     1.0000    -0.0394     0.9812     0.9812     0.0000
      Bond orders larger than 0.1000000
           Atom A     A.N. of A          Atom B    A.N. of B              Bond order
                0             6               1            6                1.714722
                0             6              41            6                0.931995
                1             6               3            6                0.877209
                1             6              41            6               -0.181681
                2             6               6            6                0.901803
                2             6              34            6                2.119999
                3             6               4            6                1.277581
                3             6               8            6                1.402383
                4             6               5            6                1.285164
                4             6              11            6                1.383223
                5             6               6            6                1.443410
                5             6               9            1                0.917826
                6             6               7            6                1.336017
                7             6               8            6                1.421120
                7             6              22            6                1.092880
                8             6              10            1                0.921367
               11             6              12            1                0.899398
               11             6              13            6                1.083943
               13             6              14            1                0.911502
               13             6              15            1                0.911481
               13             6              16            6                1.071552
               16             6              17            1                0.943758
               16             6              18            1                0.943722
               16             6              19            6                1.106585
               19             6              20            1                0.965300
               19             6              21            1                0.965305
               19             6              36            1                0.960784
               22             6              23            1                0.896413
               22             6              24            1                0.896426
               22             6              25            6                1.103976
               25             6              26            1                0.929239
               25             6              27            1                0.929249
               25             6              28            6                1.075011
               28             6              29            1                0.941010
               28             6              30            1                0.941013
               28             6              31            6                1.105956
               31             6              32            1                0.966207
               31             6              33            1                0.966205
               31             6              37            1                0.961733
               34             6              35            1                1.119118
               38             6              39            6                1.442701
               38             6              43            6                1.442498
               38             6              44            1                0.943297
               39             6              40            6                1.471026
               39             6              46            1                0.937924
               40             6              41            6                1.436868
               40             6              48            1                0.940584
               41             6              42            6                1.438985
               42             6              43            6                1.472109
               42             6              45            1                0.939913
               43             6              47            1                0.937898
# -----------------------------------------------------------
$ PAL_Flags
   description: The PAL Flags
   geom. index: 2
   prop. index: 1
        Diskflag:     2
# -----------------------------------------------------------
$ SCF_Energy
   description: The SCF energy
   geom. index: 2
   prop. index: 1
        SCF Energy:     -928.9023203026
# -----------------------------------------------------------
$ DFT_Energy
   description: The DFT energy
   geom. index: 2
   prop. index: 1
   Number of Alpha Electrons                 85.0001258271 
   Number of Beta  Electrons                 84.0001162089 
   Total number of  Electrons               169.0002420360 
   Exchange energy                         -105.6590171420 
   Correlation energy                        -6.5756009251 
   Correlation energy NL                      0.0000000000 
   Exchange-Correlation energy             -112.2346180672 
   Embedding correction                       0.0000000000 
   Total DFT Energy (No VdW correction)    -928.9023203026 
# -----------------------------------------------------------
$ Mayer_Pop
   description: The Mayer population analysis
   geom. index: 2
   prop. index: 1
     Number of atoms                     : 49
     Threshold for printing              : 0.1000000
     Number of bond orders printed       : 51
  NA   - Mulliken gross atomic population
  ZA   - Total nuclear charge
  QA   - Mulliken gross atomic charge
  VA   - Mayer's total valence
  BVA  - Mayer's bonded valence
  FA   - Mayer's free valence
  ATOM       NA         ZA         QA         VA         BVA        FA
  0   0     5.8535     6.0000     0.1465     2.6176     2.6116     0.0060
  1   0     5.7238     6.0000     0.2762     2.4743     2.4721     0.0022
  2   0     5.3727     6.0000     0.6273     2.8907     2.8903     0.0004
  3   0     6.1776     6.0000    -0.1776     3.7516     3.7173     0.0343
  4   0     5.9286     6.0000     0.0714     4.1372     4.1221     0.0151
  5   0     6.0100     6.0000    -0.0100     3.8595     3.8256     0.0339
  6   0     6.0233     6.0000    -0.0233     3.8134     3.8060     0.0074
  7   0     6.0762     6.0000    -0.0762     4.1282     4.0908     0.0374
  8   0     5.9921     6.0000     0.0079     3.9054     3.8973     0.0081
  9   0     1.0503     1.0000    -0.0503     1.0023     1.0022     0.0001
 10   0     1.0545     1.0000    -0.0545     1.0038     1.0038     0.0000
 11   0     6.1003     6.0000    -0.1003     3.9307     3.5692     0.3615
 12   0     1.0260     1.0000    -0.0260     1.0085     1.0073     0.0012
 13   0     5.9655     6.0000     0.0345     4.0098     4.0084     0.0014
 14   0     0.9705     1.0000     0.0295     0.9627     0.9616     0.0011
 15   0     0.9705     1.0000     0.0295     0.9627     0.9616     0.0011
 16   0     6.0390     6.0000    -0.0390     4.1316     4.1316     0.0000
 17   0     0.9878     1.0000     0.0122     0.9640     0.9640     0.0000
 18   0     0.9878     1.0000     0.0122     0.9640     0.9640     0.0000
 19   0     5.9933     6.0000     0.0067     4.0162     4.0162     0.0000
 20   0     0.9823     1.0000     0.0177     0.9775     0.9775     0.0000
 21   0     0.9823     1.0000     0.0177     0.9775     0.9775     0.0000
 22   0     5.9563     6.0000     0.0437     4.0293     4.0291     0.0002
 23   0     0.9682     1.0000     0.0318     0.9696     0.9695     0.0001
 24   0     0.9682     1.0000     0.0318     0.9696     0.9695     0.0001
 25   0     6.0358     6.0000    -0.0358     4.1150     4.1150     0.0000
 26   0     0.9836     1.0000     0.0164     0.9629     0.9629     0.0000
 27   0     0.9836     1.0000     0.0164     0.9629     0.9629     0.0000
 28   0     6.0237     6.0000    -0.0237     4.1171     4.1171     0.0000
 29   0     0.9940     1.0000     0.0060     0.9674     0.9674     0.0000
 30   0     0.9940     1.0000     0.0060     0.9674     0.9674     0.0000
 31   0     5.9962     6.0000     0.0038     4.0168     4.0168     0.0000
 32   0     0.9832     1.0000     0.0168     0.9773     0.9773     0.0000
 33   0     0.9832     1.0000     0.0168     0.9773     0.9773     0.0000
 34   0     6.6065     6.0000    -0.6065     3.3875     3.3859     0.0016
 35   0     1.0298     1.0000    -0.0298     1.0305     1.0305     0.0000
 36   0     0.9868     1.0000     0.0132     0.9733     0.9733     0.0000
 37   0     0.9874     1.0000     0.0126     0.9734     0.9734     0.0000
 38   0     5.9667     6.0000     0.0333     3.9978     3.9972     0.0006
 39   0     5.9595     6.0000     0.0405     3.9989     3.9988     0.0001
 40   0     5.9742     6.0000     0.0258     3.9939     3.9934     0.0005
 41   0     6.2583     6.0000    -0.2583     3.9298     3.9295     0.0003
 42   0     5.9690     6.0000     0.0310     3.9934     3.9929     0.0005
 43   0     5.9589     6.0000     0.0411     3.9989     3.9988     0.0001
 44   0     1.0279     1.0000    -0.0279     0.9687     0.9687     0.0000
 45   0     1.0412     1.0000    -0.0412     0.9838     0.9838     0.0000
 46   0     1.0282     1.0000    -0.0282     0.9685     0.9685     0.0000
 47   0     1.0278     1.0000    -0.0278     0.9683     0.9683     0.0000
 48   0     1.0394     1.0000    -0.0394     0.9812     0.9812     0.0000
      Bond orders larger than 0.1000000
           Atom A     A.N. of A          Atom B    A.N. of B              Bond order
                0             6               1            6                1.714716
                0             6              41            6                0.931976
                1             6               3            6                0.877190
                1             6              41            6               -0.181673
                2             6               6            6                0.901796
                2             6              34            6                2.119993
                3             6               4            6                1.277602
                3             6               8            6                1.402344
                4             6               5            6                1.285227
                4             6              11            6                1.383190
                5             6               6            6                1.443392
                5             6               9            1                0.917824
                6             6               7            6                1.336016
                7             6               8            6                1.421133
                7             6              22            6                1.092880
                8             6              10            1                0.921373
               11             6              12            1                0.899402
               11             6              13            6                1.083951
               13             6              14            1                0.911495
               13             6              15            1                0.911474
               13             6              16            6                1.071558
               16             6              17            1                0.943755
               16             6              18            1                0.943716
               16             6              19            6                1.106593
               19             6              20            1                0.965297
               19             6              21            1                0.965302
               19             6              36            1                0.960782
               22             6              23            1                0.896415
               22             6              24            1                0.896429
               22             6              25            6                1.103975
               25             6              26            1                0.929235
               25             6              27            1                0.929246
               25             6              28            6                1.075024
               28             6              29            1                0.941003
               28             6              30            1                0.941007
               28             6              31            6                1.105966
               31             6              32            1                0.966205
               31             6              33            1                0.966204
               31             6              37            1                0.961731
               34             6              35            1                1.119118
               38             6              39            6                1.442674
               38             6              43            6                1.442522
               38             6              44            1                0.943297
               39             6              40            6                1.471069
               39             6              46            1                0.937922
               40             6              41            6                1.436803
               40             6              48            1                0.940586
               41             6              42            6                1.439038
               42             6              43            6                1.472092
               42             6              45            1                0.939915
               43             6              47            1                0.937895
# -----------------------------------------------------------
$ SCF_Electric_Properties
   description: The SCF Calculated Electric Properties
   geom. index: 2
   prop. index: 1
       Filename                          : opt_cc-pVDZ.scfp 
       Do Dipole Moment Calculation      : true 
       Do Quadrupole Moment Calculation  : false 
       Do Polarizability Calculation     : false 
** Dipole moment part of electric properties **
        Magnitude of dipole moment (Debye) :        0.3994382182
        Electronic Contribution:
                  0    
      0      10.554354
      1       2.014749
      2       0.004026
        Nuclear Contribution:
                  0    
      0     -10.398179
      1      -1.997302
      2      -0.003357
        Total Dipole moment:
                  0    
      0       0.156175
      1       0.017447
      2       0.000669
# -------------------------------------------------------------
----------------------- !GEOMETRIES! ------------------------
# -------------------------------------------------------------
------------------------ !GEOMETRY! -------------------------
    Number of atoms:    49 
    Geometry Index:     1 
    Coordinates:
               0 C      4.055650598973   -0.073547430289    0.001258530119
               1 C      2.833542254057   -0.006599589785   -0.001852781746
               2 C     -2.844938192032    0.019402509317   -0.004604682122
               3 C      1.413420269486    0.037578498725   -0.002650118615
               4 C      0.700731918379    1.295436993620   -0.002273906493
               5 C     -0.721501012134    1.219563253646   -0.002939288322
               6 C     -1.411452891409    0.007143284722   -0.003953150851
               7 C     -0.698523340768   -1.233354780209   -0.004351729358
               8 C      0.695582044241   -1.174420965163   -0.003778218369
               9 H     -1.303965118263    2.141140836069   -0.002675941958
              10 H      1.274535505107   -2.097754417755   -0.004091369338
              11 C      1.376734997790    2.533606186258   -0.001169833789
              12 H      2.469589848389    2.505777890446   -0.000845701504
              13 C      0.711208617908    3.877603850364   -0.000569272030
              14 H      0.041246976313    3.969721041727   -0.880341799858
              15 H      0.037271246475    3.967004912113    0.876407697498
              16 C      1.701375360096    5.049652973774    0.003518279748
              17 H      2.358699565177    4.962416142625    0.887902073743
              18 H      2.362825499110    4.965169138636   -0.878056454353
              19 C      1.013980408071    6.416413981931    0.004035076220
              20 H      0.370653284573    6.541161539529    0.892218129581
              21 H      0.374821497953    6.543927864777   -0.886761563597
              22 C     -1.466096026304   -2.538946466116   -0.005337580771
              23 H     -2.145195047060   -2.541192620964    0.867755460434
              24 H     -2.144376300910   -2.540390306351   -0.879068658065
              25 C     -0.640630606624   -3.828187662907   -0.005523984390
              26 H      0.023195660276   -3.849353377007   -0.889420473185
              27 H      0.022302309983   -3.850153031318    0.879024325860
              28 C     -1.515380475505   -5.087921706732   -0.006537681954
              29 H     -2.182257233823   -5.068236475433    0.875346759444
              30 H     -2.181205470508   -5.067553946244   -0.889201417854
              31 C     -0.702663179750   -6.385164895976   -0.006557901054
              32 H     -0.052972485538   -6.450616666479    0.883323729355
              33 H     -0.051765833597   -6.449834674162   -0.895613899360
              34 C     -4.060832009061    0.033275708357   -0.006061751759
              35 H     -5.133143086751    0.050044130126   -0.008098550281
              36 H      1.748932070401    7.237402381993    0.007036942841
              37 H     -1.357003005539   -7.272006461061   -0.007389764760
              38 C      8.290610702845   -0.349909187239    0.011621356274
              39 C      7.669126271273    0.904242433165    0.011287704597
              40 C      6.278190710327    1.001489072165    0.007859669214
              41 C      5.479289879716   -0.163665908078    0.004674948591
              42 C      6.117696674182   -1.424276070720    0.005036463845
              43 C      7.509165730226   -1.511211075664    0.008484226444
              44 H      9.380725463434   -0.422103769345    0.014310190582
              45 H      5.506204570113   -2.328550060099    0.002589574536
              46 H      8.273733939818    1.814420440623    0.013749957126
              47 H      7.988600432275   -2.493123285388    0.008723078149
              48 H      5.792435048609    1.979098015775    0.007626351535
------------------------ !GEOMETRY! -------------------------
    Number of atoms:    49 
    Geometry Index:     2 
    Coordinates:
               0 C      4.055706099806   -0.073370832450    0.001295500294
               1 C      2.833589126324   -0.006538472612   -0.001788379792
               2 C     -2.844895575230    0.019440819734   -0.004853031568
               3 C      1.413452120801    0.037491835470   -0.002626313778
               4 C      0.700746279859    1.295345066182   -0.002276357679
               5 C     -0.721463228928    1.219527218508   -0.003059671415
               6 C     -1.411402534020    0.007109949910   -0.004114149047
               7 C     -0.698474706274   -1.233396464040   -0.004423403747
               8 C      0.695637550243   -1.174525156833   -0.003765442061
               9 H     -1.303846138780    2.141152705258   -0.002843955813
              10 H      1.274517092290   -2.097894775677   -0.004025806931
              11 C      1.376831567772    2.533498201251   -0.001126290846
              12 H      2.469694148212    2.505631517029   -0.000729572134
              13 C      0.711305618660    3.877472714657   -0.000581304017
              14 H      0.041481187073    3.969631654939   -0.880471388770
              15 H      0.037165557012    3.966822444856    0.876259128650
              16 C      1.701380349209    5.049568587622    0.003759022663
              17 H      2.358532916699    4.962281997656    0.888280627830
              18 H      2.362997472607    4.965135084049   -0.877711755978
              19 C      1.013976934114    6.416297555303    0.004220710087
              20 H      0.370440867960    6.540984744932    0.892268652872
              21 H      0.374953349343    6.543853778685   -0.886675048019
              22 C     -1.466172688249   -2.538926653439   -0.005426835768
              23 H     -2.145358332130   -2.541094256939    0.867611788654
              24 H     -2.144359652398   -2.540371994208   -0.879243352542
              25 C     -0.640808027223   -3.828218603974   -0.005468602477
              26 H      0.023101826454   -3.849434115375   -0.889318407925
              27 H      0.022055143254   -3.850135118077    0.879150659985
              28 C     -1.515521726567   -5.087935688393   -0.006484702154
              29 H     -2.182461172278   -5.068245004732    0.875368426872
              30 H     -2.181282210824   -5.067647024205   -0.889214979082
              31 C     -0.702818335317   -6.385152257628   -0.006382227924
              32 H     -0.053166977834   -6.450604497472    0.883537805548
              33 H     -0.051837452986   -6.449910881480   -0.895380166149
              34 C     -4.060788169410    0.033376018500   -0.006353269267
              35 H     -5.133101818820    0.050109804524   -0.008357418214
              36 H      1.748939390394    7.237268823156    0.007413460417
              37 H     -1.357156510450   -7.271991903820   -0.007215700391
              38 C      8.290695074340   -0.349766568304    0.011454548351
              39 C      7.669171210733    0.904369625749    0.011023339679
              40 C      6.278249677935    1.001632228590    0.007667646955
              41 C      5.479338263872   -0.163533342014    0.004673358690
              42 C      6.117761111787   -1.424108887291    0.005134577697
              43 C      7.509229628726   -1.511054250859    0.008499121815
              44 H      9.380813744326   -0.421985539721    0.014079900802
              45 H      5.506310941238   -2.328411830962    0.002814883015
              46 H      8.273777090506    1.814554925592    0.013324191775
              47 H      7.988698079012   -2.492951790027    0.008816616101
              48 H      5.792543877155    1.979266858381    0.007326614737
