-1780.37011126534
-1780.85870805831
-1781.29370904730
-1781.29825283639
-1781.29975246507
-1781.29992396173
-1781.29992907453
-1781.29993138569
-1781.29993152964
-1781.29993155753
-1781.29993156069
-1781.29993156061
-1781.29993156063
-1781.29993156053
-1781.29993156085
-1781.29993156053
-1781.29993156047
-1781.29993156081
-1781.29993156080
-1781.29993156124
-1781.29993155996
-1781.29993155998
-1781.29993156019
-1781.29993155997
-1781.29993156018
-1781.29993156017
-1781.29993155978
-1781.29993155981
-1781.29993156031
-1781.29993156064
-1781.29993155968
-1781.29993156049
-1781.29993156020
-1781.29993156045
-1781.29993156010
-1781.29993156019
-1781.29993156033
-1781.29993156003
-1781.29993155970
-1781.29993155996
-1781.29993155999
-1781.29993156029
-1781.29993156011
-1781.29993156028
-1781.29993156073
-1781.29993156047
-1781.29993156035
-1781.29993156063
-1781.29993156064
-1781.29993156062
-1781.29993156062
-1781.29993156078
-1781.29993156128
-1781.29993156166
-1781.29993156146
-1781.29993156209
-1781.29993156212
-1781.29993156155
-1781.29993156153
-1781.29993156120
-1781.29993155971
-1781.29993156031
-1781.29993156017
-1781.29993156046
-1781.29993156021
-1781.29993156001
-1781.29993156065
-1781.29993156039
-1781.29993156076
-1781.29993156050
-1781.29993156081
-1781.29993156072
-1781.29993156082
-1781.29993156095
-1781.29993156064
-1781.29993156097
-1781.29993156046
-1781.29993156042
-1781.29993156044
-1781.29993156098
-1781.29993156005
-1781.29993156017
-1781.29993156020
-1781.29993156010
-1781.29993155989
-1781.29993156023
-1781.29993155984
-1781.29993155986
-1781.29993155982
-1781.29993156002
-1781.29993155967
-1781.29993155983
-1781.29993156025
-1781.29993155970
-1781.29993155987
-1781.29993156003
-1781.29993156002
-1781.29993156026
-1781.29993156006
-1781.29993156016
-1781.29993156005
-1781.29993156005
-1781.29993156051
-1781.29993156064
-1781.29993156079
-1781.29993156083
-1781.29993156077
-1781.29993156068
-1781.29993156037
-1781.29993156052
-1781.29993156063
-1781.29993156100
-1781.29993156077
-1781.29993156099
-1781.29993156033
-1781.29993156099
-1781.29993156101
-1781.29993156101
-1781.29993156108
-1781.29993156159
-1781.29993156020
-1781.29993155971
-1781.29993155974
-1781.29993155981
-1781.29993155928
-1781.29993155939
-1781.29993155997
-1781.29993156000
