-------------------------------------------------------------
----------------------- !PROPERTIES! ------------------------
-------------------------------------------------------------
# -----------------------------------------------------------
$ PAL_Flags
   description: The PAL Flags
   geom. index: 1
   prop. index: 1
        Diskflag:     2
# -----------------------------------------------------------
$ SCF_Energy
   description: The SCF energy
   geom. index: 1
   prop. index: 1
        SCF Energy:     -852.7522457777
# -----------------------------------------------------------
$ DFT_Energy
   description: The DFT energy
   geom. index: 1
   prop. index: 1
   Number of Alpha Electrons                 79.0001909517 
   Number of Beta  Electrons                 78.0001885802 
   Total number of  Electrons               157.0003795319 
   Exchange energy                          -97.4434226050 
   Correlation energy                        -6.0882586147 
   Correlation energy NL                      0.0000000000 
   Exchange-Correlation energy             -103.5316812196 
   Embedding correction                       0.0000000000 
   Total DFT Energy (No VdW correction)    -852.7522457777 
# -----------------------------------------------------------
$ Mayer_Pop
   description: The Mayer population analysis
   geom. index: 1
   prop. index: 1
     Number of atoms                     : 47
     Threshold for printing              : 0.1000000
     Number of bond orders printed       : 50
  NA   - Mulliken gross atomic population
  ZA   - Total nuclear charge
  QA   - Mulliken gross atomic charge
  VA   - Mayer's total valence
  BVA  - Mayer's bonded valence
  FA   - Mayer's free valence
  ATOM       NA         ZA         QA         VA         BVA        FA
  0   0     5.7666     6.0000     0.2334     2.5948     2.5947     0.0001
  1   0     6.1355     6.0000    -0.1355     3.8499     3.1049     0.7450
  2   0     6.0151     6.0000    -0.0151     4.0405     4.0358     0.0047
  3   0     5.9751     6.0000     0.0249     3.9644     3.9628     0.0016
  4   0     6.1655     6.0000    -0.1655     3.8528     3.8519     0.0009
  5   0     6.1006     6.0000    -0.1006     4.2324     4.2304     0.0020
  6   0     5.9408     6.0000     0.0592     3.9617     3.9560     0.0057
  7   0     1.0505     1.0000    -0.0505     1.0013     1.0011     0.0002
  8   0     1.0220     1.0000    -0.0220     0.9967     0.9963     0.0004
  9   0     5.9528     6.0000     0.0472     4.0309     4.0307     0.0002
 10   0     0.9742     1.0000     0.0258     0.9692     0.9692     0.0000
 11   0     0.9741     1.0000     0.0259     0.9691     0.9691     0.0000
 12   0     6.0423     6.0000    -0.0423     4.1157     4.1157     0.0000
 13   0     0.9836     1.0000     0.0164     0.9636     0.9636     0.0000
 14   0     0.9835     1.0000     0.0165     0.9636     0.9636     0.0000
 15   0     6.0260     6.0000    -0.0260     4.1176     4.1176     0.0000
 16   0     0.9938     1.0000     0.0062     0.9671     0.9671     0.0000
 17   0     0.9937     1.0000     0.0063     0.9671     0.9671     0.0000
 18   0     5.9989     6.0000     0.0011     4.0190     4.0190     0.0000
 19   0     0.9829     1.0000     0.0171     0.9774     0.9774     0.0000
 20   0     0.9829     1.0000     0.0171     0.9774     0.9774     0.0000
 21   0     5.9604     6.0000     0.0396     4.0256     4.0256     0.0000
 22   0     0.9673     1.0000     0.0327     0.9694     0.9694     0.0000
 23   0     0.9672     1.0000     0.0328     0.9694     0.9694     0.0000
 24   0     6.0352     6.0000    -0.0352     4.1118     4.1118     0.0000
 25   0     0.9849     1.0000     0.0151     0.9635     0.9635     0.0000
 26   0     0.9849     1.0000     0.0151     0.9635     0.9635     0.0000
 27   0     6.0256     6.0000    -0.0256     4.1193     4.1193     0.0000
 28   0     0.9943     1.0000     0.0057     0.9676     0.9676     0.0000
 29   0     0.9943     1.0000     0.0057     0.9675     0.9675     0.0000
 30   0     5.9962     6.0000     0.0038     4.0169     4.0169     0.0000
 31   0     0.9831     1.0000     0.0169     0.9773     0.9773     0.0000
 32   0     0.9831     1.0000     0.0169     0.9773     0.9773     0.0000
 33   0     5.8438     6.0000     0.1562     2.6600     2.6598     0.0002
 34   0     0.9872     1.0000     0.0128     0.9736     0.9736     0.0000
 35   0     0.9874     1.0000     0.0126     0.9735     0.9735     0.0000
 36   0     6.2474     6.0000    -0.2474     3.9285     3.9285     0.0000
 37   0     5.9697     6.0000     0.0303     3.9943     3.9943     0.0000
 38   0     5.9593     6.0000     0.0407     3.9987     3.9987     0.0000
 39   0     5.9677     6.0000     0.0323     3.9984     3.9984     0.0000
 40   0     5.9595     6.0000     0.0405     3.9982     3.9982     0.0000
 41   0     5.9724     6.0000     0.0276     3.9936     3.9936     0.0000
 42   0     1.0286     1.0000    -0.0286     0.9686     0.9686     0.0000
 43   0     1.0287     1.0000    -0.0287     0.9683     0.9683     0.0000
 44   0     1.0418     1.0000    -0.0418     0.9834     0.9834     0.0000
 45   0     1.0412     1.0000    -0.0412     0.9830     0.9830     0.0000
 46   0     1.0285     1.0000    -0.0285     0.9682     0.9682     0.0000
      Bond orders larger than 0.1000000
           Atom A     A.N. of A          Atom B    A.N. of B              Bond order
                0             6               4            6                0.903662
                0             6              33            6                1.783320
                0             6              36            6               -0.162861
                1             6               2            6                1.394032
                1             6               6            6                1.444529
                2             6               3            6                1.432640
                2             6               9            6                1.044963
                3             6               4            6                1.416808
                3             6               7            1                0.922267
                4             6               5            6                1.413639
                4             6              33            6               -0.101511
                5             6               6            6                1.454882
                5             6              21            6                1.088363
                6             6               8            1                0.909996
                9             6              10            1                0.917110
                9             6              11            1                0.917021
                9             6              12            6                1.102311
               12             6              13            1                0.930938
               12             6              14            1                0.930838
               12             6              15            6                1.075548
               15             6              16            1                0.941465
               15             6              17            1                0.941463
               15             6              18            6                1.105680
               18             6              19            1                0.966558
               18             6              20            1                0.966555
               18             6              34            1                0.962191
               21             6              22            1                0.898407
               21             6              23            1                0.898490
               21             6              24            6                1.100990
               24             6              25            1                0.929685
               24             6              26            1                0.929732
               24             6              27            6                1.075924
               27             6              28            1                0.941092
               27             6              29            1                0.941091
               27             6              30            6                1.106208
               30             6              31            1                0.966208
               30             6              32            1                0.966212
               30             6              35            1                0.961695
               33             6              36            6                0.922123
               36             6              37            6                1.442568
               36             6              41            6                1.439951
               37             6              38            6                1.469704
               37             6              44            1                0.939887
               38             6              39            6                1.444724
               38             6              46            1                0.937827
               39             6              40            6                1.443863
               39             6              42            1                0.943185
               40             6              41            6                1.469932
               40             6              43            1                0.937873
               41             6              45            1                0.940233
# -----------------------------------------------------------
$ PAL_Flags
   description: The PAL Flags
   geom. index: 2
   prop. index: 1
        Diskflag:     2
# -----------------------------------------------------------
$ SCF_Energy
   description: The SCF energy
   geom. index: 2
   prop. index: 1
        SCF Energy:     -852.7522481888
# -----------------------------------------------------------
$ DFT_Energy
   description: The DFT energy
   geom. index: 2
   prop. index: 1
   Number of Alpha Electrons                 79.0001913322 
   Number of Beta  Electrons                 78.0001889075 
   Total number of  Electrons               157.0003802397 
   Exchange energy                          -97.4442014512 
   Correlation energy                        -6.0882810436 
   Correlation energy NL                      0.0000000000 
   Exchange-Correlation energy             -103.5324824949 
   Embedding correction                       0.0000000000 
   Total DFT Energy (No VdW correction)    -852.7522481888 
# -----------------------------------------------------------
$ Mayer_Pop
   description: The Mayer population analysis
   geom. index: 2
   prop. index: 1
     Number of atoms                     : 47
     Threshold for printing              : 0.1000000
     Number of bond orders printed       : 50
  NA   - Mulliken gross atomic population
  ZA   - Total nuclear charge
  QA   - Mulliken gross atomic charge
  VA   - Mayer's total valence
  BVA  - Mayer's bonded valence
  FA   - Mayer's free valence
  ATOM       NA         ZA         QA         VA         BVA        FA
  0   0     5.7665     6.0000     0.2335     2.5947     2.5946     0.0001
  1   0     6.1356     6.0000    -0.1356     3.8500     3.1050     0.7450
  2   0     6.0152     6.0000    -0.0152     4.0406     4.0359     0.0047
  3   0     5.9751     6.0000     0.0249     3.9646     3.9630     0.0016
  4   0     6.1655     6.0000    -0.1655     3.8529     3.8520     0.0009
  5   0     6.1005     6.0000    -0.1005     4.2323     4.2303     0.0020
  6   0     5.9410     6.0000     0.0590     3.9616     3.9559     0.0057
  7   0     1.0504     1.0000    -0.0504     1.0013     1.0011     0.0002
  8   0     1.0220     1.0000    -0.0220     0.9967     0.9963     0.0004
  9   0     5.9525     6.0000     0.0475     4.0310     4.0308     0.0002
 10   0     0.9743     1.0000     0.0257     0.9692     0.9692     0.0000
 11   0     0.9742     1.0000     0.0258     0.9691     0.9691     0.0000
 12   0     6.0422     6.0000    -0.0422     4.1158     4.1158     0.0000
 13   0     0.9836     1.0000     0.0164     0.9636     0.9636     0.0000
 14   0     0.9836     1.0000     0.0164     0.9635     0.9635     0.0000
 15   0     6.0258     6.0000    -0.0258     4.1175     4.1175     0.0000
 16   0     0.9938     1.0000     0.0062     0.9671     0.9671     0.0000
 17   0     0.9938     1.0000     0.0062     0.9671     0.9671     0.0000
 18   0     5.9990     6.0000     0.0010     4.0190     4.0190     0.0000
 19   0     0.9829     1.0000     0.0171     0.9774     0.9774     0.0000
 20   0     0.9829     1.0000     0.0171     0.9774     0.9774     0.0000
 21   0     5.9602     6.0000     0.0398     4.0257     4.0257     0.0000
 22   0     0.9673     1.0000     0.0327     0.9695     0.9695     0.0000
 23   0     0.9673     1.0000     0.0327     0.9694     0.9694     0.0000
 24   0     6.0349     6.0000    -0.0349     4.1117     4.1117     0.0000
 25   0     0.9849     1.0000     0.0151     0.9635     0.9635     0.0000
 26   0     0.9850     1.0000     0.0150     0.9635     0.9635     0.0000
 27   0     6.0256     6.0000    -0.0256     4.1193     4.1193     0.0000
 28   0     0.9943     1.0000     0.0057     0.9675     0.9675     0.0000
 29   0     0.9943     1.0000     0.0057     0.9675     0.9675     0.0000
 30   0     5.9963     6.0000     0.0037     4.0169     4.0169     0.0000
 31   0     0.9831     1.0000     0.0169     0.9772     0.9772     0.0000
 32   0     0.9831     1.0000     0.0169     0.9772     0.9772     0.0000
 33   0     5.8439     6.0000     0.1561     2.6600     2.6598     0.0002
 34   0     0.9871     1.0000     0.0129     0.9736     0.9736     0.0000
 35   0     0.9873     1.0000     0.0127     0.9735     0.9735     0.0000
 36   0     6.2474     6.0000    -0.2474     3.9283     3.9283     0.0000
 37   0     5.9698     6.0000     0.0302     3.9943     3.9943     0.0000
 38   0     5.9593     6.0000     0.0407     3.9987     3.9987     0.0000
 39   0     5.9675     6.0000     0.0325     3.9985     3.9985     0.0000
 40   0     5.9596     6.0000     0.0404     3.9982     3.9982     0.0000
 41   0     5.9723     6.0000     0.0277     3.9935     3.9935     0.0000
 42   0     1.0287     1.0000    -0.0287     0.9686     0.9686     0.0000
 43   0     1.0286     1.0000    -0.0286     0.9683     0.9683     0.0000
 44   0     1.0418     1.0000    -0.0418     0.9834     0.9834     0.0000
 45   0     1.0412     1.0000    -0.0412     0.9830     0.9830     0.0000
 46   0     1.0286     1.0000    -0.0286     0.9682     0.9682     0.0000
      Bond orders larger than 0.1000000
           Atom A     A.N. of A          Atom B    A.N. of B              Bond order
                0             6               4            6                0.903706
                0             6              33            6                1.783320
                0             6              36            6               -0.162926
                1             6               2            6                1.394084
                1             6               6            6                1.444518
                2             6               3            6                1.432544
                2             6               9            6                1.045035
                3             6               4            6                1.417038
                3             6               7            1                0.922239
                4             6               5            6                1.413471
                4             6              33            6               -0.101525
                5             6               6            6                1.454834
                5             6              21            6                1.088424
                6             6               8            1                0.910029
                9             6              10            1                0.917089
                9             6              11            1                0.917005
                9             6              12            6                1.102348
               12             6              13            1                0.930979
               12             6              14            1                0.930889
               12             6              15            6                1.075477
               15             6              16            1                0.941530
               15             6              17            1                0.941527
               15             6              18            6                1.105589
               18             6              19            1                0.966598
               18             6              20            1                0.966594
               18             6              34            1                0.962227
               21             6              22            1                0.898404
               21             6              23            1                0.898439
               21             6              24            6                1.101007
               24             6              25            1                0.929757
               24             6              26            1                0.929794
               24             6              27            6                1.075834
               27             6              28            1                0.941171
               27             6              29            1                0.941171
               27             6              30            6                1.106114
               30             6              31            1                0.966245
               30             6              32            1                0.966250
               30             6              35            1                0.961732
               33             6              36            6                0.922175
               36             6              37            6                1.442614
               36             6              41            6                1.439812
               37             6              38            6                1.469699
               37             6              44            1                0.939897
               38             6              39            6                1.444680
               38             6              46            1                0.937846
               39             6              40            6                1.443920
               39             6              42            1                0.943190
               40             6              41            6                1.469908
               40             6              43            1                0.937879
               41             6              45            1                0.940245
# -----------------------------------------------------------
$ SCF_Electric_Properties
   description: The SCF Calculated Electric Properties
   geom. index: 2
   prop. index: 1
       Filename                          : opt.scfp 
       Do Dipole Moment Calculation      : true 
       Do Quadrupole Moment Calculation  : false 
       Do Polarizability Calculation     : false 
** Dipole moment part of electric properties **
        Magnitude of dipole moment (Debye) :        0.5077353859
        Electronic Contribution:
                  0    
      0      15.824168
      1      -0.236441
      2       0.015059
        Nuclear Contribution:
                  0    
      0     -15.624508
      1       0.230284
      2      -0.014892
        Total Dipole moment:
                  0    
      0       0.199659
      1      -0.006158
      2       0.000168
# -------------------------------------------------------------
----------------------- !GEOMETRIES! ------------------------
# -------------------------------------------------------------
------------------------ !GEOMETRY! -------------------------
    Number of atoms:    47 
    Geometry Index:     1 
    Coordinates:
               0 C      2.832495406539   -0.007741974086   -0.008202929290
               1 C     -1.313496321510   -0.015242778686   -0.012952302617
               2 C     -0.703659808520   -1.260637711055   -0.014095213649
               3 C      0.699531502722   -1.205006346209   -0.012351112968
               4 C      1.402994936961    0.021376637956   -0.009604726796
               5 C      0.709620334139    1.262002446979   -0.008351405884
               6 C     -0.698633780957    1.216784702851   -0.010214039338
               7 H      1.283029130619   -2.127328351592   -0.013121124832
               8 H     -1.283239906530    2.138226079574   -0.009511483495
               9 C     -1.510570019543   -2.548068615226   -0.016610305190
              10 H     -2.183676330865   -2.529679979666   -0.893807890949
              11 H     -2.181268018533   -2.534553160120    0.862547972180
              12 C     -0.710757953540   -3.853190393655   -0.021139380470
              13 H     -0.047630853627   -3.881827085832   -0.905947837742
              14 H     -0.047236798601   -3.887723936579    0.863167138244
              15 C     -1.606257254361   -5.097328672837   -0.024904653985
              16 H     -2.272609574902   -5.069285288152    0.857799713432
              17 H     -2.271876920142   -5.064405672465   -0.907987224284
              18 C     -0.815804459503   -6.407725101368   -0.028194283316
              19 H     -0.167025915709   -6.486980977306    0.861481704641
              20 H     -0.165888976048   -6.481807673063   -0.917493072535
              21 C      1.485762467452    2.564954572757   -0.005463195065
              22 H      2.162046779787    2.561113286668    0.869890746796
              23 H      2.162367785003    2.564773593043   -0.880594627281
              24 C      0.665015465076    3.857025942231   -0.002984980420
              25 H      0.002318470025    3.882610414788   -0.888325021494
              26 H      0.001043383819    3.878413205586    0.881511777254
              27 C      1.542425760191    5.114228062545    0.000497066152
              28 H      2.207900348843    5.091067887995    0.883943348990
              29 H      2.209582317934    5.094797802223   -0.881771919690
              30 C      0.733429210340    6.413152227850    0.002470192316
              31 H      0.082015536605    6.478663428115    0.891375769308
              32 H      0.084035899966    6.482634119803   -0.887604822207
              33 C      4.054054069826   -0.041904067825   -0.009232556940
              34 H     -1.485302733529   -7.282993690419   -0.031190096204
              35 H      1.390151185422    7.298040145435    0.005202949409
              36 C      5.481990998026   -0.084665940421   -0.008329930808
              37 C      6.164867349105   -1.320486448477   -0.019193485590
              38 C      7.558930066125   -1.357008937482   -0.018225772230
              39 C      8.298226222512   -0.168879252435   -0.006507195184
              40 C      7.631641628981    1.061615611571    0.004275100846
              41 C      6.237932303577    1.107930162372    0.003386143555
              42 H      9.390559748167   -0.202115398505   -0.005748586298
              43 H      8.202531538674    1.993315517072    0.013568505681
              44 H      5.586813034544   -2.246462627129   -0.028509995254
              45 H      5.716197859882    2.066945246107    0.011953601841
              46 H      8.073571515558   -2.321018662935   -0.026814878639
------------------------ !GEOMETRY! -------------------------
    Number of atoms:    47 
    Geometry Index:     2 
    Coordinates:
               0 C      2.831806137689   -0.006236220865   -0.008271543231
               1 C     -1.314139430572   -0.014772811668   -0.012928585898
               2 C     -0.703840839114   -1.259957999288   -0.014278879684
               3 C      0.699293213670   -1.203567514007   -0.012428599142
               4 C      1.402357967389    0.023007334973   -0.009542152156
               5 C      0.708612030512    1.263431336209   -0.008101996808
               6 C     -0.699666161029    1.217588785748   -0.009942410757
               7 H      1.283512760500   -2.125515297551   -0.013363481482
               8 H     -1.285092916832    2.138713380996   -0.009037984918
               9 C     -1.509688394604   -2.548042818849   -0.017242105482
              10 H     -2.182377984054   -2.530205716495   -0.894242605910
              11 H     -2.180594229362   -2.535321844207    0.861245249897
              12 C     -0.708610623246   -3.852554805484   -0.021718389474
              13 H     -0.045377043899   -3.880501108798   -0.905976970409
              14 H     -0.045441233778   -3.886599664885    0.862376924361
              15 C     -1.603186367797   -5.097748216951   -0.025922819730
              16 H     -2.269586448135   -5.070310540829    0.856269504460
              17 H     -2.268554235216   -5.065065984296   -0.908715302652
              18 C     -0.811642206425   -6.407881587435   -0.029365458887
              19 H     -0.163127313425   -6.486668319201    0.860304702518
              20 H     -0.161648962474   -6.481086072523   -0.918435421529
              21 C      1.483960013256    2.566700620225   -0.004835562714
              22 H      2.159953296765    2.562804001346    0.870276169604
              23 H      2.160515110236    2.566852568729   -0.879536869732
              24 C      0.662999033236    3.858831419434   -0.002136983403
              25 H      0.000590582875    3.884732896618   -0.887173486883
              26 H     -0.000881245063    3.880107542092    0.881916847347
              27 C      1.540853608953    5.116159372238    0.001805840874
              28 H      2.206133426861    5.092323004849    0.884894387546
              29 H      2.207957600566    5.096580949555   -0.880007097166
              30 C      0.732381061116    6.415841157979    0.004121751258
              31 H      0.081081044375    6.481192364840    0.892853890980
              32 H      0.083264747598    6.485731147650   -0.885860468462
              33 C      4.053310349571   -0.041189373630   -0.009378177523
              34 H     -1.480462306472   -7.283853612252   -0.032686930286
              35 H      1.389550670009    7.300597847108    0.007195218868
              36 C      5.481187370691   -0.085650267429   -0.008585698481
              37 C      6.162322092802   -1.322562942285   -0.012255456818
              38 C      7.556385658584   -1.361277877590   -0.011393624588
              39 C      8.297342793782   -0.174068814436   -0.006933728574
              40 C      7.632551941788    1.057517804228   -0.003328382211
              41 C      6.238849877310    1.105968966121   -0.004137158707
              42 H      9.389309929440   -0.208770643956   -0.006269514574
              43 H      8.204900820599    1.988373694397    0.000174754744
              44 H      5.582882572016   -2.247730561658   -0.015758849051
              45 H      5.718665457980    2.065740392721   -0.001295741150
              46 H      8.069533401333   -2.326053621485   -0.014261123984
