-------------------------------------------------------------
----------------------- !PROPERTIES! ------------------------
-------------------------------------------------------------
# -----------------------------------------------------------
$ PAL_Flags
   description: The PAL Flags
   geom. index: 1
   prop. index: 1
        Diskflag:     2
# -----------------------------------------------------------
$ SCF_Energy
   description: The SCF energy
   geom. index: 1
   prop. index: 1
        SCF Energy:     -852.8240563330
# -----------------------------------------------------------
$ DFT_Energy
   description: The DFT energy
   geom. index: 1
   prop. index: 1
   Number of Alpha Electrons                 79.0001774910 
   Number of Beta  Electrons                 78.0001784113 
   Total number of  Electrons               157.0003559023 
   Exchange energy                          -97.3489091040 
   Correlation energy                        -6.0901285420 
   Correlation energy NL                      0.0000000000 
   Exchange-Correlation energy             -103.4390376460 
   Embedding correction                       0.0000000000 
   Total DFT Energy (No VdW correction)    -852.8240563330 
# -----------------------------------------------------------
$ Mayer_Pop
   description: The Mayer population analysis
   geom. index: 1
   prop. index: 1
     Number of atoms                     : 47
     Threshold for printing              : 0.1000000
     Number of bond orders printed       : 56
  NA   - Mulliken gross atomic population
  ZA   - Total nuclear charge
  QA   - Mulliken gross atomic charge
  VA   - Mayer's total valence
  BVA  - Mayer's bonded valence
  FA   - Mayer's free valence
  ATOM       NA         ZA         QA         VA         BVA        FA
  0   0     6.3650     6.0000    -0.3650     3.7990     3.7989     0.0001
  1   0     6.3377     6.0000    -0.3377     3.8996     3.0941     0.8055
  2   0     5.4990     6.0000     0.5010     3.6447     3.6397     0.0050
  3   0     6.4234     6.0000    -0.4234     4.3430     4.3415     0.0015
  4   0     5.4750     6.0000     0.5250     3.9099     3.9090     0.0009
  5   0     5.7752     6.0000     0.2248     3.9974     3.9957     0.0017
  6   0     6.2203     6.0000    -0.2203     4.0573     4.0526     0.0047
  7   0     0.8659     1.0000     0.1341     0.9658     0.9657     0.0001
  8   0     0.8738     1.0000     0.1262     0.9639     0.9634     0.0005
  9   0     6.3708     6.0000    -0.3708     3.9978     3.9972     0.0006
 10   0     0.8505     1.0000     0.1495     0.9652     0.9652     0.0000
 11   0     0.8504     1.0000     0.1496     0.9652     0.9652     0.0000
 12   0     6.2588     6.0000    -0.2588     4.0124     4.0124     0.0000
 13   0     0.8592     1.0000     0.1408     0.9666     0.9666     0.0000
 14   0     0.8594     1.0000     0.1406     0.9666     0.9666     0.0000
 15   0     6.2565     6.0000    -0.2565     3.8920     3.8920    -0.0000
 16   0     0.8587     1.0000     0.1413     0.9677     0.9677     0.0000
 17   0     0.8586     1.0000     0.1414     0.9676     0.9676     0.0000
 18   0     6.5064     6.0000    -0.5064     3.8998     3.8998     0.0000
 19   0     0.8424     1.0000     0.1576     0.9658     0.9658     0.0000
 20   0     0.8424     1.0000     0.1576     0.9658     0.9658     0.0000
 21   0     6.3374     6.0000    -0.3374     4.0105     4.0104     0.0001
 22   0     0.8479     1.0000     0.1521     0.9630     0.9630     0.0000
 23   0     0.8479     1.0000     0.1521     0.9630     0.9630     0.0000
 24   0     6.2683     6.0000    -0.2683     4.0259     4.0259     0.0000
 25   0     0.8612     1.0000     0.1388     0.9669     0.9669     0.0000
 26   0     0.8612     1.0000     0.1388     0.9669     0.9669     0.0000
 27   0     6.2569     6.0000    -0.2569     3.8986     3.8986     0.0000
 28   0     0.8584     1.0000     0.1416     0.9678     0.9678     0.0000
 29   0     0.8584     1.0000     0.1416     0.9678     0.9678     0.0000
 30   0     6.5076     6.0000    -0.5076     3.9006     3.9006     0.0000
 31   0     0.8425     1.0000     0.1575     0.9658     0.9658     0.0000
 32   0     0.8425     1.0000     0.1575     0.9658     0.9658     0.0000
 33   0     6.3133     6.0000    -0.3133     3.9594     3.9592     0.0002
 34   0     0.8567     1.0000     0.1433     0.9670     0.9670     0.0000
 35   0     0.8571     1.0000     0.1429     0.9671     0.9671     0.0000
 36   0     5.4017     6.0000     0.5983     3.9426     3.9426     0.0000
 37   0     6.2821     6.0000    -0.2821     4.2008     4.2008     0.0000
 38   0     6.0966     6.0000    -0.0966     4.0975     4.0975     0.0000
 39   0     6.1230     6.0000    -0.1230     4.0791     4.0791     0.0000
 40   0     6.0999     6.0000    -0.0999     4.1012     4.1012     0.0000
 41   0     6.2759     6.0000    -0.2759     4.1891     4.1891     0.0000
 42   0     0.8955     1.0000     0.1045     0.9586     0.9586     0.0000
 43   0     0.8965     1.0000     0.1035     0.9618     0.9618     0.0000
 44   0     0.8827     1.0000     0.1173     0.9608     0.9608     0.0000
 45   0     0.8833     1.0000     0.1167     0.9608     0.9608     0.0000
 46   0     0.8964     1.0000     0.1036     0.9620     0.9620     0.0000
      Bond orders larger than 0.1000000
           Atom A     A.N. of A          Atom B    A.N. of B              Bond order
                0             6               4            6                0.807264
                0             6               5            6                0.109197
                0             6              33            6                2.512157
                1             6               2            6                1.237674
                1             6               3            6                0.117919
                1             6               5            6                0.119164
                1             6               6            6                1.398681
                2             6               3            6                1.426135
                2             6               9            6                0.907927
                3             6               4            6                1.458736
                3             6               7            1                0.983999
                4             6               5            6                1.410770
                4             6               6            6                0.102921
                4             6              33            6                0.101039
                5             6               6            6                1.383804
                5             6              21            6                0.977339
                6             6               8            1                0.972419
                9             6              10            1                0.967805
                9             6              11            1                0.967706
                9             6              12            6                1.018762
               12             6              13            1                0.962395
               12             6              14            1                0.962259
               12             6              15            6                0.985583
               15             6              16            1                0.972007
               15             6              17            1                0.971984
               15             6              18            6                0.955576
               18             6              19            1                0.972126
               18             6              20            1                0.972096
               18             6              34            1                0.968092
               21             6              22            1                0.953422
               21             6              23            1                0.953722
               21             6              24            6                1.016250
               24             6              25            1                0.961808
               24             6              26            1                0.961887
               24             6              27            6                0.991088
               27             6              28            1                0.971383
               27             6              29            1                0.971371
               27             6              30            6                0.954487
               30             6              31            1                0.972972
               30             6              32            1                0.972989
               30             6              35            1                0.967328
               33             6              36            6                1.005675
               36             6              37            6                1.390259
               36             6              38            6                0.100136
               36             6              41            6                1.385933
               37             6              38            6                1.475778
               37             6              39            6                0.101014
               37             6              44            1                0.982947
               38             6              39            6                1.452334
               38             6              46            1                0.976908
               39             6              40            6                1.454874
               39             6              41            6                0.102325
               39             6              42            1                0.966619
               40             6              41            6                1.475972
               40             6              43            1                0.977984
               41             6              45            1                0.980905
# -----------------------------------------------------------
$ PAL_Flags
   description: The PAL Flags
   geom. index: 2
   prop. index: 1
        Diskflag:     2
# -----------------------------------------------------------
$ SCF_Energy
   description: The SCF energy
   geom. index: 2
   prop. index: 1
        SCF Energy:     -852.8251412680
# -----------------------------------------------------------
$ DFT_Energy
   description: The DFT energy
   geom. index: 2
   prop. index: 1
   Number of Alpha Electrons                 79.0001749926 
   Number of Beta  Electrons                 78.0001755506 
   Total number of  Electrons               157.0003505432 
   Exchange energy                          -97.3608226376 
   Correlation energy                        -6.0900458581 
   Correlation energy NL                      0.0000000000 
   Exchange-Correlation energy             -103.4508684956 
   Embedding correction                       0.0000000000 
   Total DFT Energy (No VdW correction)    -852.8251412680 
# -----------------------------------------------------------
$ PAL_Flags
   description: The PAL Flags
   geom. index: 3
   prop. index: 1
        Diskflag:     2
# -----------------------------------------------------------
$ SCF_Energy
   description: The SCF energy
   geom. index: 3
   prop. index: 1
        SCF Energy:     -852.8251916108
# -----------------------------------------------------------
$ DFT_Energy
   description: The DFT energy
   geom. index: 3
   prop. index: 1
   Number of Alpha Electrons                 79.0001776679 
   Number of Beta  Electrons                 78.0001781371 
   Total number of  Electrons               157.0003558050 
   Exchange energy                          -97.3573311553 
   Correlation energy                        -6.0896725223 
   Correlation energy NL                      0.0000000000 
   Exchange-Correlation energy             -103.4470036776 
   Embedding correction                       0.0000000000 
   Total DFT Energy (No VdW correction)    -852.8251916108 
# -----------------------------------------------------------
$ PAL_Flags
   description: The PAL Flags
   geom. index: 4
   prop. index: 1
        Diskflag:     2
# -----------------------------------------------------------
$ SCF_Energy
   description: The SCF energy
   geom. index: 4
   prop. index: 1
        SCF Energy:     -852.8252029798
# -----------------------------------------------------------
$ DFT_Energy
   description: The DFT energy
   geom. index: 4
   prop. index: 1
   Number of Alpha Electrons                 79.0001787760 
   Number of Beta  Electrons                 78.0001792383 
   Total number of  Electrons               157.0003580143 
   Exchange energy                          -97.3553779934 
   Correlation energy                        -6.0895105403 
   Correlation energy NL                      0.0000000000 
   Exchange-Correlation energy             -103.4448885337 
   Embedding correction                       0.0000000000 
   Total DFT Energy (No VdW correction)    -852.8252029798 
# -----------------------------------------------------------
$ PAL_Flags
   description: The PAL Flags
   geom. index: 5
   prop. index: 1
        Diskflag:     2
# -----------------------------------------------------------
$ SCF_Energy
   description: The SCF energy
   geom. index: 5
   prop. index: 1
        SCF Energy:     -852.8252049507
# -----------------------------------------------------------
$ DFT_Energy
   description: The DFT energy
   geom. index: 5
   prop. index: 1
   Number of Alpha Electrons                 79.0001785882 
   Number of Beta  Electrons                 78.0001790755 
   Total number of  Electrons               157.0003576637 
   Exchange energy                          -97.3553697362 
   Correlation energy                        -6.0895156938 
   Correlation energy NL                      0.0000000000 
   Exchange-Correlation energy             -103.4448854301 
   Embedding correction                       0.0000000000 
   Total DFT Energy (No VdW correction)    -852.8252049507 
# -----------------------------------------------------------
$ Mayer_Pop
   description: The Mayer population analysis
   geom. index: 5
   prop. index: 1
     Number of atoms                     : 47
     Threshold for printing              : 0.1000000
     Number of bond orders printed       : 51
  NA   - Mulliken gross atomic population
  ZA   - Total nuclear charge
  QA   - Mulliken gross atomic charge
  VA   - Mayer's total valence
  BVA  - Mayer's bonded valence
  FA   - Mayer's free valence
  ATOM       NA         ZA         QA         VA         BVA        FA
  0   0     6.3636     6.0000    -0.3636     3.7912     3.7911     0.0001
  1   0     6.3338     6.0000    -0.3338     3.8920     3.0865     0.8055
  2   0     5.5128     6.0000     0.4872     3.6487     3.6437     0.0050
  3   0     6.4168     6.0000    -0.4168     4.3326     4.3311     0.0015
  4   0     5.4786     6.0000     0.5214     3.8923     3.8914     0.0009
  5   0     5.7821     6.0000     0.2179     3.9925     3.9907     0.0018
  6   0     6.2184     6.0000    -0.2184     4.0522     4.0475     0.0047
  7   0     0.8642     1.0000     0.1358     0.9654     0.9653     0.0001
  8   0     0.8718     1.0000     0.1282     0.9634     0.9629     0.0005
  9   0     6.3725     6.0000    -0.3725     3.9932     3.9926     0.0006
 10   0     0.8478     1.0000     0.1522     0.9645     0.9645     0.0000
 11   0     0.8477     1.0000     0.1523     0.9644     0.9644     0.0000
 12   0     6.2647     6.0000    -0.2647     4.0081     4.0081     0.0000
 13   0     0.8563     1.0000     0.1437     0.9659     0.9659     0.0000
 14   0     0.8563     1.0000     0.1437     0.9659     0.9659     0.0000
 15   0     6.2653     6.0000    -0.2653     3.8911     3.8911    -0.0000
 16   0     0.8557     1.0000     0.1443     0.9669     0.9669     0.0000
 17   0     0.8556     1.0000     0.1444     0.9669     0.9669     0.0000
 18   0     6.5093     6.0000    -0.5093     3.8993     3.8993     0.0000
 19   0     0.8402     1.0000     0.1598     0.9652     0.9652     0.0000
 20   0     0.8402     1.0000     0.1598     0.9652     0.9652     0.0000
 21   0     6.3411     6.0000    -0.3411     4.0066     4.0065     0.0001
 22   0     0.8451     1.0000     0.1549     0.9622     0.9622     0.0000
 23   0     0.8452     1.0000     0.1548     0.9622     0.9622     0.0000
 24   0     6.2732     6.0000    -0.2732     4.0206     4.0206     0.0000
 25   0     0.8582     1.0000     0.1418     0.9663     0.9663     0.0000
 26   0     0.8582     1.0000     0.1418     0.9663     0.9663     0.0000
 27   0     6.2658     6.0000    -0.2658     3.8974     3.8974     0.0000
 28   0     0.8553     1.0000     0.1447     0.9671     0.9671     0.0000
 29   0     0.8554     1.0000     0.1446     0.9671     0.9671     0.0000
 30   0     6.5105     6.0000    -0.5105     3.9001     3.9001     0.0000
 31   0     0.8403     1.0000     0.1597     0.9652     0.9652     0.0000
 32   0     0.8403     1.0000     0.1597     0.9652     0.9652     0.0000
 33   0     6.3119     6.0000    -0.3119     3.9517     3.9515     0.0002
 34   0     0.8550     1.0000     0.1450     0.9666     0.9666     0.0000
 35   0     0.8554     1.0000     0.1446     0.9667     0.9667     0.0000
 36   0     5.4091     6.0000     0.5909     3.9330     3.9330     0.0000
 37   0     6.2810     6.0000    -0.2810     4.1966     4.1966     0.0000
 38   0     6.0980     6.0000    -0.0980     4.0947     4.0947     0.0000
 39   0     6.1248     6.0000    -0.1248     4.0771     4.0771     0.0000
 40   0     6.1011     6.0000    -0.1011     4.0984     4.0984     0.0000
 41   0     6.2749     6.0000    -0.2749     4.1838     4.1838     0.0000
 42   0     0.8938     1.0000     0.1062     0.9582     0.9582     0.0000
 43   0     0.8950     1.0000     0.1050     0.9614     0.9614     0.0000
 44   0     0.8810     1.0000     0.1190     0.9604     0.9604     0.0000
 45   0     0.8817     1.0000     0.1183     0.9604     0.9604     0.0000
 46   0     0.8948     1.0000     0.1052     0.9616     0.9616     0.0000
      Bond orders larger than 0.1000000
           Atom A     A.N. of A          Atom B    A.N. of B              Bond order
                0             6               4            6                0.806714
                0             6               5            6                0.107585
                0             6              33            6                2.513175
                1             6               2            6                1.240702
                1             6               3            6                0.116253
                1             6               5            6                0.115129
                1             6               6            6                1.397526
                2             6               3            6                1.426334
                2             6               9            6                0.908839
                3             6               4            6                1.454911
                3             6               7            1                0.982967
                4             6               5            6                1.406937
                5             6               6            6                1.384678
                5             6              21            6                0.975949
                6             6               8            1                0.971699
                9             6              10            1                0.967749
                9             6              11            1                0.967707
                9             6              12            6                1.017491
               12             6              13            1                0.963132
               12             6              14            1                0.963086
               12             6              15            6                0.983785
               15             6              16            1                0.972574
               15             6              17            1                0.972569
               15             6              18            6                0.955844
               18             6              19            1                0.972179
               18             6              20            1                0.972157
               18             6              34            1                0.968239
               21             6              22            1                0.953881
               21             6              23            1                0.954040
               21             6              24            6                1.015066
               24             6              25            1                0.962587
               24             6              26            1                0.962652
               24             6              27            6                0.988905
               27             6              28            1                0.972010
               27             6              29            1                0.971993
               27             6              30            6                0.954713
               30             6              31            1                0.973011
               30             6              32            1                0.973025
               30             6              35            1                0.967512
               33             6              36            6                1.004267
               36             6              37            6                1.389614
               36             6              41            6                1.385354
               37             6              38            6                1.476229
               37             6              44            1                0.982115
               38             6              39            6                1.452401
               38             6              46            1                0.976312
               39             6              40            6                1.455166
               39             6              42            1                0.966187
               40             6              41            6                1.476037
               40             6              43            1                0.977390
               41             6              45            1                0.980115
# -----------------------------------------------------------
$ SCF_Electric_Properties
   description: The SCF Calculated Electric Properties
   geom. index: 5
   prop. index: 1
       Filename                          : opt_EPRII.scfp 
       Do Dipole Moment Calculation      : true 
       Do Quadrupole Moment Calculation  : false 
       Do Polarizability Calculation     : false 
** Dipole moment part of electric properties **
        Magnitude of dipole moment (Debye) :        0.5928140545
        Electronic Contribution:
                  0    
      0      15.895308
      1      -0.251624
      2       0.012122
        Nuclear Contribution:
                  0    
      0     -15.662101
      1       0.248609
      2      -0.012006
        Total Dipole moment:
                  0    
      0       0.233207
      1      -0.003015
      2       0.000116
# -------------------------------------------------------------
----------------------- !GEOMETRIES! ------------------------
# -------------------------------------------------------------
------------------------ !GEOMETRY! -------------------------
    Number of atoms:    47 
    Geometry Index:     1 
    Coordinates:
               0 C      2.831806137689   -0.006236220865   -0.008271543231
               1 C     -1.314139430572   -0.014772811668   -0.012928585898
               2 C     -0.703840839114   -1.259957999288   -0.014278879684
               3 C      0.699293213670   -1.203567514007   -0.012428599142
               4 C      1.402357967389    0.023007334973   -0.009542152156
               5 C      0.708612030512    1.263431336209   -0.008101996808
               6 C     -0.699666161029    1.217588785748   -0.009942410757
               7 H      1.283512760500   -2.125515297551   -0.013363481482
               8 H     -1.285092916832    2.138713380996   -0.009037984918
               9 C     -1.509688394604   -2.548042818849   -0.017242105482
              10 H     -2.182377984054   -2.530205716495   -0.894242605910
              11 H     -2.180594229362   -2.535321844207    0.861245249897
              12 C     -0.708610623246   -3.852554805484   -0.021718389474
              13 H     -0.045377043899   -3.880501108798   -0.905976970409
              14 H     -0.045441233778   -3.886599664885    0.862376924361
              15 C     -1.603186367797   -5.097748216951   -0.025922819730
              16 H     -2.269586448135   -5.070310540829    0.856269504460
              17 H     -2.268554235216   -5.065065984296   -0.908715302652
              18 C     -0.811642206425   -6.407881587435   -0.029365458887
              19 H     -0.163127313425   -6.486668319201    0.860304702518
              20 H     -0.161648962474   -6.481086072523   -0.918435421529
              21 C      1.483960013256    2.566700620225   -0.004835562714
              22 H      2.159953296765    2.562804001346    0.870276169604
              23 H      2.160515110236    2.566852568729   -0.879536869732
              24 C      0.662999033236    3.858831419434   -0.002136983403
              25 H      0.000590582875    3.884732896618   -0.887173486883
              26 H     -0.000881245063    3.880107542092    0.881916847347
              27 C      1.540853608953    5.116159372238    0.001805840874
              28 H      2.206133426861    5.092323004849    0.884894387546
              29 H      2.207957600566    5.096580949555   -0.880007097166
              30 C      0.732381061116    6.415841157979    0.004121751258
              31 H      0.081081044375    6.481192364840    0.892853890980
              32 H      0.083264747598    6.485731147650   -0.885860468462
              33 C      4.053310349571   -0.041189373630   -0.009378177523
              34 H     -1.480462306472   -7.283853612252   -0.032686930286
              35 H      1.389550670009    7.300597847108    0.007195218868
              36 C      5.481187370691   -0.085650267429   -0.008585698481
              37 C      6.162322092802   -1.322562942285   -0.012255456818
              38 C      7.556385658584   -1.361277877590   -0.011393624588
              39 C      8.297342793782   -0.174068814436   -0.006933728574
              40 C      7.632551941788    1.057517804228   -0.003328382211
              41 C      6.238849877310    1.105968966121   -0.004137158707
              42 H      9.389309929440   -0.208770643956   -0.006269514574
              43 H      8.204900820599    1.988373694397    0.000174754744
              44 H      5.582882572016   -2.247730561658   -0.015758849051
              45 H      5.718665457980    2.065740392721   -0.001295741150
              46 H      8.069533401333   -2.326053621485   -0.014261123984
------------------------ !GEOMETRY! -------------------------
    Number of atoms:    47 
    Geometry Index:     2 
    Coordinates:
               0 C      2.833094748013   -0.006332339303   -0.008321110406
               1 C     -1.320345749681   -0.011901557812   -0.012879970071
               2 C     -0.709480742475   -1.260984960703   -0.014367716544
               3 C      0.696836828883   -1.204819768640   -0.012538128741
               4 C      1.401279850510    0.024373715399   -0.009560993142
               5 C      0.707823724274    1.268166837679   -0.007971854631
               6 C     -0.704025665852    1.223882131669   -0.009788439968
               7 H      1.277290589661   -2.122652810405   -0.013554721442
               8 H     -1.285787423166    2.140449022123   -0.008791930893
               9 C     -1.517262782417   -2.551529356250   -0.017439459660
              10 H     -2.184935976005   -2.534675378363   -0.890055108508
              11 H     -2.183439361955   -2.539749865352    0.856430035654
              12 C     -0.712029002675   -3.857819868826   -0.021811241916
              13 H     -0.053088634064   -3.885186095218   -0.900957134002
              14 H     -0.053377896270   -3.891225848467    0.857346627143
              15 C     -1.606677664203   -5.107604896053   -0.026158371353
              16 H     -2.268485809839   -5.081841975990    0.850811299026
              17 H     -2.267289671122   -5.076576276928   -0.903857372046
              18 C     -0.810443400908   -6.420467109243   -0.029574972245
              19 H     -0.166388121338   -6.496731701617    0.854425150270
              20 H     -0.164696171729   -6.491093442781   -0.912809211413
              21 C      1.484903159701    2.574310953112   -0.004671837526
              22 H      2.155718499164    2.571393163496    0.866218422849
              23 H      2.156289513185    2.575456595217   -0.875142540529
              24 C      0.659461782522    3.867818910381   -0.001941031771
              25 H      0.001453317343    3.893076208210   -0.881979971245
              26 H     -0.000038493627    3.888418740128    0.877097500837
              27 C      1.536948965413    5.130055158845    0.002096720401
              28 H      2.197526348405    5.108059856209    0.880099973307
              29 H      2.199366168682    5.112391543775   -0.874616496817
              30 C      0.723444737680    6.432156376157    0.004481149349
              31 H      0.076503877027    6.494821235829    0.887470188120
              32 H      0.078735050528    6.499466706784   -0.879796988569
              33 C      4.057412126813   -0.042045830871   -0.009431636969
              34 H     -1.473429045320   -7.292313351535   -0.032999436529
              35 H      1.374665087950    7.312870359502    0.007622021006
              36 C      5.488368756262   -0.088625715170   -0.008661434281
              37 C      6.168611104570   -1.330375241523   -0.010914918397
              38 C      7.566725995462   -1.372208901339   -0.010082311513
              39 C      8.312656843308   -0.182565838379   -0.007028371608
              40 C      7.647556657032    1.054211185508   -0.004807554258
              41 C      6.249746224792    1.105115302163   -0.005631809792
              42 H      9.398986472530   -0.219028559799   -0.006390910021
              43 H      8.218680231345    1.979237387529   -0.002441959672
              44 H      5.590076858098   -2.249729944841   -0.013277660694
              45 H      5.733803564814    2.060971840228   -0.003931597004
              46 H      8.075401158681   -2.333014244536   -0.011827203785
------------------------ !GEOMETRY! -------------------------
    Number of atoms:    47 
    Geometry Index:     3 
    Coordinates:
               0 C      2.832914749619   -0.006865916672   -0.008366424151
               1 C     -1.321721838679   -0.009376622514   -0.012866710035
               2 C     -0.711337498420   -1.259739105596   -0.014484605458
               3 C      0.695735905970   -1.204820631062   -0.012662857686
               4 C      1.400529069482    0.024795381724   -0.009573165561
               5 C      0.708383573135    1.269500333317   -0.007862381196
               6 C     -0.704367535912    1.227237408420   -0.009664848138
               7 H      1.274981826515   -2.123018359983   -0.013772956277
               8 H     -1.285075952978    2.143912688447   -0.008570626181
               9 C     -1.520244222252   -2.550486794511   -0.017710732418
              10 H     -2.185811719630   -2.534463796327   -0.890932792717
              11 H     -2.184733023752   -2.539500394703    0.856432770597
              12 C     -0.710787814391   -3.855880398215   -0.021877552189
              13 H     -0.053147895872   -3.882500983067   -0.901008823512
              14 H     -0.053810382951   -3.888490804659    0.857551941678
              15 C     -1.605636944286   -5.107366450957   -0.026406056462
              16 H     -2.266009338213   -5.083158615655    0.850649256425
              17 H     -2.264493700565   -5.077873302760   -0.904436486144
              18 C     -0.804929965448   -6.419819904464   -0.029689357501
              19 H     -0.161773567389   -6.493149152283    0.854424260924
              20 H     -0.159697926378   -6.487449188136   -0.912743878126
              21 C      1.486873351201    2.575964426515   -0.004468893212
              22 H      2.155557268947    2.573590504469    0.867022348583
              23 H      2.156213413059    2.577721508089   -0.875472234638
              24 C      0.657514535063    3.868632492494   -0.001731192366
              25 H      0.001066419951    3.893414066118   -0.881936072642
              26 H     -0.000538425784    3.888673332219    0.877390933637
              27 C      1.535497595708    5.132363673008    0.002442675272
              28 H      2.194383657667    5.111702230188    0.880712780143
              29 H      2.196337751239    5.116141598309   -0.874451882530
              30 C      0.717899621260    6.434219743955    0.004849808100
              31 H      0.071652315527    6.494070225875    0.887753511436
              32 H      0.074044599881    6.498858966055   -0.879463525742
              33 C      4.057729355760   -0.042716164301   -0.009474358915
              34 H     -1.466341717652   -7.292168525328   -0.033281700447
              35 H      1.367819418026    7.315210418329    0.008116572720
              36 C      5.489303481080   -0.090680096101   -0.008723980584
              37 C      6.167667946638   -1.334208601498   -0.009429705400
              38 C      7.566657960776   -1.377895365670   -0.008648639178
              39 C      8.314768459617   -0.188241589701   -0.007187000344
              40 C      7.650556356141    1.050324727125   -0.006514850783
              41 C      6.251852558525    1.103052490871   -0.007298456919
              42 H      9.400654169161   -0.225987261330   -0.006590371109
              43 H      8.222778140807    1.974226902430   -0.005394699644
              44 H      5.587973898134   -2.252419393209   -0.010562684133
              45 H      5.737212702782    2.059215126294   -0.006811452097
              46 H      8.074045998884   -2.338948475553   -0.009189225077
------------------------ !GEOMETRY! -------------------------
    Number of atoms:    47 
    Geometry Index:     4 
    Coordinates:
               0 C      2.832664060943   -0.007030465960   -0.008450202973
               1 C     -1.321717006042   -0.008782123011   -0.012905165312
               2 C     -0.711595174697   -1.259456697318   -0.014624624202
               3 C      0.695646660974   -1.205140644110   -0.012816773983
               4 C      1.400065818053    0.024720012454   -0.009644196520
               5 C      0.708647836230    1.269535430516   -0.007837496233
               6 C     -0.704337331497    1.228205820933   -0.009625216058
               7 H      1.274413094041   -2.123622372400   -0.013991789071
               8 H     -1.284932811428    2.144893458527   -0.008458769430
               9 C     -1.521394441883   -2.550212370302   -0.017973442867
              10 H     -2.185471041355   -2.534670162743   -0.892207441126
              11 H     -2.184940685761   -2.539540079708    0.856753866115
              12 C     -0.710084944666   -3.855334983502   -0.021773030741
              13 H     -0.053267199010   -3.882015696459   -0.901379511205
              14 H     -0.054412164239   -3.887803664732    0.858498445923
              15 C     -1.605749190898   -5.107091946928   -0.026419861575
              16 H     -2.265253552168   -5.083526548164    0.851201742253
              17 H     -2.263307706046   -5.078377399958   -0.905344625145
              18 C     -0.802893003292   -6.419410104336   -0.029399902060
              19 H     -0.160390740583   -6.490691383378    0.855369010079
              20 H     -0.157810071793   -6.485083402883   -0.912722689270
              21 C      1.488132871721    2.576155380020   -0.004372906414
              22 H      2.155392070875    2.574008946830    0.868054770762
              23 H      2.156175069690    2.578145856403   -0.876215272804
              24 C      0.657074190506    3.868578954389   -0.001699989866
              25 H      0.001768486021    3.893498438067   -0.882612253114
              26 H      0.000021512189    3.888760570298    0.878026828697
              27 C      1.536075947148    5.132459639781    0.002551242664
              28 H      2.193782709151    5.112407089351    0.881612871114
              29 H      2.195886639344    5.116854549604   -0.875024091039
              30 C      0.716567002196    6.434300619105    0.004888060933
              31 H      0.070661228237    6.492280278568    0.888178423773
              32 H      0.073261879651    6.497112980353   -0.879969361565
              33 C      4.057529297016   -0.042079552204   -0.009526214511
              34 H     -1.464174537294   -7.291940970391   -0.033128820117
              35 H      1.366541151610    7.315334667137    0.008248788446
              36 C      5.489268272995   -0.090509275411   -0.008780411552
              37 C      6.166483406731   -1.334669142607   -0.009596843936
              38 C      7.565598972792   -1.379092490881   -0.008833642538
              39 C      8.314470905646   -0.189669248988   -0.007278890629
              40 C      7.650830493083    1.049419762988   -0.006488829173
              41 C      6.251991459665    1.103060633131   -0.007253840354
              42 H      9.400392076749   -0.227960528433   -0.006699420838
              43 H      8.223824590048    1.972936518475   -0.005297378583
              44 H      5.586144618100   -2.252519737042   -0.010805441690
              45 H      5.737885343984    2.059558600623   -0.006681811724
              46 H      8.072680567264   -2.340394865706   -0.009458212541
------------------------ !GEOMETRY! -------------------------
    Number of atoms:    47 
    Geometry Index:     5 
    Coordinates:
               0 C      2.832749892609   -0.007025705112   -0.008538471551
               1 C     -1.321226727661   -0.009086600721   -0.012933520579
               2 C     -0.711138667308   -1.259620655364   -0.014746660408
               3 C      0.696045596896   -1.205428049793   -0.012951734259
               4 C      1.400111366396    0.024529701548   -0.009719174555
               5 C      0.708754554930    1.269203199673   -0.007834192806
               6 C     -0.704170663881    1.227961197620   -0.009590207210
               7 H      1.274748839741   -2.124003265963   -0.014183442581
               8 H     -1.285016589085    2.144564070360   -0.008356531431
               9 C     -1.521335417190   -2.550266232411   -0.018222952944
              10 H     -2.184720254816   -2.534794309447   -0.893031518567
              11 H     -2.184689849357   -2.539529045866    0.856693445767
              12 C     -0.710102063888   -3.855592256732   -0.021700974478
              13 H     -0.053521650313   -3.882624496589   -0.901528894609
              14 H     -0.055086149620   -3.888233841440    0.859108674518
              15 C     -1.606343052047   -5.107041948232   -0.026446826011
              16 H     -2.265607531265   -5.083451900085    0.851416703936
              17 H     -2.263280548155   -5.078429000173   -0.905901672168
              18 C     -0.803343277427   -6.419535134459   -0.029157140498
              19 H     -0.161251540172   -6.490161168922    0.856030228011
              20 H     -0.158238325967   -6.484648377615   -0.912573303752
              21 C      1.488454137507    2.575873466105   -0.004295356940
              22 H      2.155155434637    2.573760475764    0.868594566106
              23 H      2.156043685363    2.577927058568   -0.876518583354
              24 C      0.657235603978    3.868331212311   -0.001653005545
              25 H      0.002419231430    3.893448951562   -0.882978147794
              26 H      0.000571821097    3.888695666934    0.878414652153
              27 C      1.536623832423    5.132056497795    0.002663830103
              28 H      2.193845970687    5.112141597364    0.882152597516
              29 H      2.196058961524    5.116608832489   -0.875258207910
              30 C      0.716769734361    6.433947216652    0.004961540473
              31 H      0.070982624967    6.491216375150    0.888452829501
              32 H      0.073736500428    6.496094880051   -0.880207963652
              33 C      4.057559562317   -0.041157837666   -0.009584736331
              34 H     -1.465004576196   -7.291860327350   -0.032997176566
              35 H      1.367006193961    7.314870513463    0.008399197778
              36 C      5.489295487271   -0.089648255931   -0.008844814389
              37 C      6.166130619896   -1.333882452788   -0.009627744286
              38 C      7.565133907151   -1.378456911427   -0.008865258274
              39 C      8.314078330222   -0.189238290559   -0.007345568513
              40 C      7.650717482680    1.049830679606   -0.006590909472
              41 C      6.251983917659    1.103767438801   -0.007353408492
              42 H      9.400064695622   -0.227665230260   -0.006766693292
              43 H      8.224046610951    1.973231102829   -0.005425267822
              44 H      5.585595167845   -2.251668560725   -0.010807120338
              45 H      5.738049217724    2.060417699849   -0.006803233956
              46 H      8.072254532071   -2.339825628863   -0.009462170526
