-------------------------------------------------------------
----------------------- !PROPERTIES! ------------------------
-------------------------------------------------------------
# -----------------------------------------------------------
$ PAL_Flags
   description: The PAL Flags
   geom. index: 1
   prop. index: 1
        Diskflag:     2
# -----------------------------------------------------------
$ SCF_Energy
   description: The SCF energy
   geom. index: 1
   prop. index: 1
        SCF Energy:     -621.8579730121
# -----------------------------------------------------------
$ DFT_Energy
   description: The DFT energy
   geom. index: 1
   prop. index: 1
   Number of Alpha Electrons                 59.0000319741 
   Number of Beta  Electrons                 58.0000263086 
   Total number of  Electrons               117.0000582827 
   Exchange energy                          -71.6209060528 
   Correlation energy                        -4.5083491690 
   Correlation energy NL                      0.0000000000 
   Exchange-Correlation energy              -76.1292552218 
   Embedding correction                       0.0000000000 
   Total DFT Energy (No VdW correction)    -621.8579730121 
# -----------------------------------------------------------
$ Mayer_Pop
   description: The Mayer population analysis
   geom. index: 1
   prop. index: 1
     Number of atoms                     : 37
     Threshold for printing              : 0.1000000
     Number of bond orders printed       : 37
  NA   - Mulliken gross atomic population
  ZA   - Total nuclear charge
  QA   - Mulliken gross atomic charge
  VA   - Mayer's total valence
  BVA  - Mayer's bonded valence
  FA   - Mayer's free valence
  ATOM       NA         ZA         QA         VA         BVA        FA
  0   0     5.3810     6.0000     0.6190     2.9055     2.9051     0.0004
  1   0     6.0626     6.0000    -0.0626     4.0899     4.0484     0.0415
  2   0     6.0466     6.0000    -0.0466     4.3054     4.2897     0.0157
  3   0     5.9748     6.0000     0.0252     3.8410     3.8033     0.0377
  4   0     6.0473     6.0000    -0.0473     3.8389     3.8315     0.0074
  5   0     6.0731     6.0000    -0.0731     4.1291     4.0820     0.0471
  6   0     5.9684     6.0000     0.0316     3.8918     3.8828     0.0090
  7   0     1.0524     1.0000    -0.0524     0.9910     0.9909     0.0001
  8   0     1.0634     1.0000    -0.0634     1.0003     1.0003     0.0000
  9   0     5.9566     6.0000     0.0434     3.9197     3.4954     0.4243
 10   0     0.9887     1.0000     0.0113     0.9811     0.9798     0.0013
 11   0     0.9924     1.0000     0.0076     0.9761     0.9749     0.0012
 12   0     5.9474     6.0000     0.0526     4.0155     4.0153     0.0002
 13   0     1.0010     1.0000    -0.0010     0.9753     0.9753     0.0000
 14   0     0.9920     1.0000     0.0080     0.9740     0.9740     0.0000
 15   0     6.0287     6.0000    -0.0287     4.0981     4.0980     0.0001
 16   0     0.9882     1.0000     0.0118     0.9760     0.9760     0.0000
 17   0     0.9931     1.0000     0.0069     0.9689     0.9689     0.0000
 18   0     6.0055     6.0000    -0.0055     4.0197     4.0197     0.0000
 19   0     0.9838     1.0000     0.0162     0.9773     0.9773     0.0000
 20   0     0.9835     1.0000     0.0165     0.9770     0.9770     0.0000
 21   0     5.9557     6.0000     0.0443     4.0269     4.0266     0.0003
 22   0     0.9684     1.0000     0.0316     0.9702     0.9701     0.0001
 23   0     0.9682     1.0000     0.0318     0.9695     0.9694     0.0001
 24   0     6.0359     6.0000    -0.0359     4.1135     4.1135     0.0000
 25   0     0.9845     1.0000     0.0155     0.9624     0.9624     0.0000
 26   0     0.9861     1.0000     0.0139     0.9631     0.9631     0.0000
 27   0     6.0239     6.0000    -0.0239     4.1180     4.1180     0.0000
 28   0     0.9942     1.0000     0.0058     0.9677     0.9677     0.0000
 29   0     0.9938     1.0000     0.0062     0.9676     0.9676     0.0000
 30   0     5.9960     6.0000     0.0040     4.0166     4.0166     0.0000
 31   0     0.9839     1.0000     0.0161     0.9772     0.9772     0.0000
 32   0     0.9838     1.0000     0.0162     0.9772     0.9772     0.0000
 33   0     6.5923     6.0000    -0.5923     3.4076     3.4061     0.0015
 34   0     1.0311     1.0000    -0.0311     1.0297     1.0297     0.0000
 35   0     0.9846     1.0000     0.0154     0.9734     0.9734     0.0000
 36   0     0.9872     1.0000     0.0128     0.9734     0.9734     0.0000
      Bond orders larger than 0.1000000
           Atom A     A.N. of A          Atom B    A.N. of B              Bond order
                0             6               4            6                0.896857
                0             6              33            6                2.144924
                1             6               2            6                1.275718
                1             6               6            6                1.427332
                1             6              12            6                1.109267
                2             6               3            6                1.263921
                2             6               9            6                1.510849
                3             6               4            6                1.458649
                3             6               7            1                0.925615
                4             6               5            6                1.353839
                5             6               6            6                1.383173
                5             6              21            6                1.093377
                6             6               8            1                0.913156
                9             6              10            1                0.905652
                9             6              11            1                0.911846
               12             6              13            1                0.911230
               12             6              14            1                0.904684
               12             6              15            6                1.059768
               15             6              16            1                0.944024
               15             6              17            1                0.943536
               15             6              18            6                1.101545
               18             6              19            1                0.966436
               18             6              20            1                0.966794
               18             6              35            1                0.963962
               21             6              22            1                0.895963
               21             6              23            1                0.897092
               21             6              24            6                1.102201
               24             6              25            1                0.928548
               24             6              26            1                0.929994
               24             6              27            6                1.075738
               27             6              28            1                0.940913
               27             6              29            1                0.941064
               27             6              30            6                1.106000
               30             6              31            1                0.966188
               30             6              32            1                0.966138
               30             6              36            1                0.961770
               33             6              34            1                1.116676
# -----------------------------------------------------------
$ PAL_Flags
   description: The PAL Flags
   geom. index: 2
   prop. index: 1
        Diskflag:     2
# -----------------------------------------------------------
$ SCF_Energy
   description: The SCF energy
   geom. index: 2
   prop. index: 1
        SCF Energy:     -621.8579779593
# -----------------------------------------------------------
$ DFT_Energy
   description: The DFT energy
   geom. index: 2
   prop. index: 1
   Number of Alpha Electrons                 59.0000267828 
   Number of Beta  Electrons                 58.0000212438 
   Total number of  Electrons               117.0000480265 
   Exchange energy                          -71.6208632292 
   Correlation energy                        -4.5083445426 
   Correlation energy NL                      0.0000000000 
   Exchange-Correlation energy              -76.1292077718 
   Embedding correction                       0.0000000000 
   Total DFT Energy (No VdW correction)    -621.8579779593 
# -----------------------------------------------------------
$ PAL_Flags
   description: The PAL Flags
   geom. index: 3
   prop. index: 1
        Diskflag:     2
# -----------------------------------------------------------
$ SCF_Energy
   description: The SCF energy
   geom. index: 3
   prop. index: 1
        SCF Energy:     -621.8579792134
# -----------------------------------------------------------
$ DFT_Energy
   description: The DFT energy
   geom. index: 3
   prop. index: 1
   Number of Alpha Electrons                 59.0000193993 
   Number of Beta  Electrons                 58.0000140132 
   Total number of  Electrons               117.0000334125 
   Exchange energy                          -71.6207837512 
   Correlation energy                        -4.5083388349 
   Correlation energy NL                      0.0000000000 
   Exchange-Correlation energy              -76.1291225861 
   Embedding correction                       0.0000000000 
   Total DFT Energy (No VdW correction)    -621.8579792134 
# -----------------------------------------------------------
$ Mayer_Pop
   description: The Mayer population analysis
   geom. index: 3
   prop. index: 1
     Number of atoms                     : 37
     Threshold for printing              : 0.1000000
     Number of bond orders printed       : 37
  NA   - Mulliken gross atomic population
  ZA   - Total nuclear charge
  QA   - Mulliken gross atomic charge
  VA   - Mayer's total valence
  BVA  - Mayer's bonded valence
  FA   - Mayer's free valence
  ATOM       NA         ZA         QA         VA         BVA        FA
  0   0     5.3810     6.0000     0.6190     2.9057     2.9053     0.0004
  1   0     6.0620     6.0000    -0.0620     4.0893     4.0477     0.0416
  2   0     6.0467     6.0000    -0.0467     4.3051     4.2894     0.0157
  3   0     5.9747     6.0000     0.0253     3.8406     3.8028     0.0378
  4   0     6.0475     6.0000    -0.0475     3.8392     3.8318     0.0074
  5   0     6.0733     6.0000    -0.0733     4.1295     4.0823     0.0472
  6   0     5.9687     6.0000     0.0313     3.8918     3.8828     0.0090
  7   0     1.0524     1.0000    -0.0524     0.9910     0.9909     0.0001
  8   0     1.0633     1.0000    -0.0633     1.0002     1.0002     0.0000
  9   0     5.9569     6.0000     0.0431     3.9198     3.4961     0.4237
 10   0     0.9885     1.0000     0.0115     0.9812     0.9799     0.0013
 11   0     0.9924     1.0000     0.0076     0.9761     0.9749     0.0012
 12   0     5.9476     6.0000     0.0524     4.0153     4.0151     0.0002
 13   0     1.0011     1.0000    -0.0011     0.9753     0.9753     0.0000
 14   0     0.9919     1.0000     0.0081     0.9742     0.9742     0.0000
 15   0     6.0288     6.0000    -0.0288     4.0980     4.0979     0.0001
 16   0     0.9883     1.0000     0.0117     0.9761     0.9761     0.0000
 17   0     0.9931     1.0000     0.0069     0.9689     0.9689     0.0000
 18   0     6.0057     6.0000    -0.0057     4.0197     4.0197     0.0000
 19   0     0.9838     1.0000     0.0162     0.9773     0.9773     0.0000
 20   0     0.9833     1.0000     0.0167     0.9771     0.9771     0.0000
 21   0     5.9554     6.0000     0.0446     4.0271     4.0268     0.0003
 22   0     0.9684     1.0000     0.0316     0.9700     0.9699     0.0001
 23   0     0.9682     1.0000     0.0318     0.9698     0.9697     0.0001
 24   0     6.0357     6.0000    -0.0357     4.1134     4.1134     0.0000
 25   0     0.9849     1.0000     0.0151     0.9626     0.9626     0.0000
 26   0     0.9858     1.0000     0.0142     0.9629     0.9629     0.0000
 27   0     6.0238     6.0000    -0.0238     4.1179     4.1179     0.0000
 28   0     0.9942     1.0000     0.0058     0.9677     0.9677     0.0000
 29   0     0.9939     1.0000     0.0061     0.9676     0.9676     0.0000
 30   0     5.9961     6.0000     0.0039     4.0165     4.0165     0.0000
 31   0     0.9840     1.0000     0.0160     0.9772     0.9772     0.0000
 32   0     0.9837     1.0000     0.0163     0.9772     0.9772     0.0000
 33   0     6.5921     6.0000    -0.5921     3.4075     3.4060     0.0015
 34   0     1.0311     1.0000    -0.0311     1.0297     1.0297     0.0000
 35   0     0.9845     1.0000     0.0155     0.9734     0.9734     0.0000
 36   0     0.9871     1.0000     0.0129     0.9734     0.9734     0.0000
      Bond orders larger than 0.1000000
           Atom A     A.N. of A          Atom B    A.N. of B              Bond order
                0             6               4            6                0.897055
                0             6              33            6                2.144743
                1             6               2            6                1.275202
                1             6               6            6                1.427544
                1             6              12            6                1.109046
                2             6               3            6                1.263832
                2             6               9            6                1.511227
                3             6               4            6                1.458363
                3             6               7            1                0.925652
                4             6               5            6                1.354015
                5             6               6            6                1.383069
                5             6              21            6                1.093419
                6             6               8            1                0.913218
                9             6              10            1                0.905486
                9             6              11            1                0.911932
               12             6              13            1                0.911261
               12             6              14            1                0.904739
               12             6              15            6                1.059716
               15             6              16            1                0.944016
               15             6              17            1                0.943529
               15             6              18            6                1.101424
               18             6              19            1                0.966444
               18             6              20            1                0.966796
               18             6              35            1                0.963976
               21             6              22            1                0.896218
               21             6              23            1                0.896780
               21             6              24            6                1.102234
               24             6              25            1                0.928942
               24             6              26            1                0.929657
               24             6              27            6                1.075683
               27             6              28            1                0.941013
               27             6              29            1                0.941087
               27             6              30            6                1.105903
               30             6              31            1                0.966216
               30             6              32            1                0.966173
               30             6              36            1                0.961810
               33             6              34            1                1.116719
# -----------------------------------------------------------
$ SCF_Electric_Properties
   description: The SCF Calculated Electric Properties
   geom. index: 3
   prop. index: 1
       Filename                          : opt.scfp 
       Do Dipole Moment Calculation      : true 
       Do Quadrupole Moment Calculation  : false 
       Do Polarizability Calculation     : false 
** Dipole moment part of electric properties **
        Magnitude of dipole moment (Debye) :        0.8942595312
        Electronic Contribution:
                  0    
      0     -11.732607
      1      14.805320
      2      -1.696527
        Nuclear Contribution:
                  0    
      0      11.951686
      1     -15.078746
      2       1.728485
        Total Dipole moment:
                  0    
      0       0.219079
      1      -0.273426
      2       0.031957
# -------------------------------------------------------------
----------------------- !GEOMETRIES! ------------------------
# -------------------------------------------------------------
------------------------ !GEOMETRY! -------------------------
    Number of atoms:    37 
    Geometry Index:     1 
    Coordinates:
               0 C     -2.629809684035    0.131626680222    0.162857800932
               1 C      1.575037486255   -0.216712121208   -0.510283059678
               2 C      0.963312274387    1.084334609939   -0.474588281495
               3 C     -0.443108635480    1.138936801274   -0.246460724296
               4 C     -1.220089784283   -0.004869938720   -0.065413298186
               5 C     -0.611482466844   -1.294297384344   -0.109268514539
               6 C      0.773236914334   -1.346173360126   -0.331260240402
               7 H     -0.931589667277    2.115352658757   -0.214934521850
               8 H      1.261624826887   -2.321838324232   -0.371309120796
               9 C      1.680391121584    2.283916476165   -0.657337825457
              10 H      2.751074002388    2.300061340843   -0.855191517352
              11 H      1.160106971006    3.242687418780   -0.621812017250
              12 C      3.065124268156   -0.387397104022   -0.702152154421
              13 H      3.260826209378   -1.402494927923   -1.088893822207
              14 H      3.434850675317    0.309876460544   -1.474303597092
              15 C      3.883124684968   -0.186944896487    0.590812043551
              16 H      3.684707256985    0.820808684695    0.995880191898
              17 H      3.520634696328   -0.898464387322    1.353969622151
              18 C      5.386267450263   -0.374944920531    0.375837247592
              19 H      5.780551108434    0.345274474338   -0.361787534686
              20 H      5.614617552740   -1.387733850316    0.000718411078
              21 C     -1.464925993301   -2.531794103036    0.074762284408
              22 H     -2.011806518332   -2.435387386633    1.031421643292
              23 H     -2.260384613230   -2.520141177582   -0.694845389330
              24 C     -0.748697443109   -3.884273401603    0.038119761135
              25 H     -0.216378352771   -4.002579793241   -0.923855965332
              26 H      0.026896047245   -3.920156532151    0.825891663370
              27 C     -1.709325237571   -5.064954292688    0.224713457704
              28 H     -2.249194155905   -4.946276048080    1.182635882121
              29 H     -2.483484153321   -5.031488895354   -0.564691043448
              30 C     -1.006992156442   -6.424449461253    0.197117680447
              31 H     -0.252755836534   -6.502887804162    0.999495305571
              32 H     -0.485018399104   -6.586611384562   -0.761903914434
              33 C     -3.823236574955    0.254310757732    0.360311819828
              34 H     -4.874140700777    0.369780629331    0.540098817937
              35 H      5.947470376979   -0.233863735601    1.313763201790
              36 H     -1.722967110360   -7.251389381444    0.330784337445
------------------------ !GEOMETRY! -------------------------
    Number of atoms:    37 
    Geometry Index:     2 
    Coordinates:
               0 C     -2.630902256071    0.130672427526    0.157407755136
               1 C      1.575417320347   -0.217480296416   -0.507205426426
               2 C      0.963599517704    1.083861621897   -0.472556055032
               3 C     -0.443161405936    1.138710283878   -0.246228641546
               4 C     -1.220049190255   -0.005054556929   -0.064120087399
               5 C     -0.611220513305   -1.294519556072   -0.105682211044
               6 C      0.773563032925   -1.346709753472   -0.327214630513
               7 H     -0.931800713049    2.115143405702   -0.216360317627
               8 H      1.261875416768   -2.322627723219   -0.366040836838
               9 C      1.681527439776    2.283052335077   -0.654496859041
              10 H      2.753755875354    2.298651348321   -0.844053004398
              11 H      1.162000030267    3.242274878960   -0.619036043503
              12 C      3.065371427514   -0.388143540757   -0.700704969770
              13 H      3.261179621867   -1.403789434838   -1.085716233392
              14 H      3.433422300099    0.307648834807   -1.474879330986
              15 C      3.885773052198   -0.184480634766    0.590368986469
              16 H      3.687326882119    0.823954630053    0.993661220902
              17 H      3.525440555088   -0.894728786086    1.355858158956
              18 C      5.388688358684   -0.371768374677    0.372278837515
              19 H      5.780845322197    0.348299059271   -0.366761591271
              20 H      5.616989068047   -1.384711073667   -0.002542376767
              21 C     -1.464677210668   -2.531738190034    0.079500594512
              22 H     -2.008229910171   -2.436303979686    1.038115646362
              23 H     -2.262245789544   -2.518376717983   -0.687248935992
              24 C     -0.749810054928   -3.884906767528    0.037905487799
              25 H     -0.222433656781   -4.002588254961   -0.926750086526
              26 H      0.029336432486   -3.922433213779    0.821633224039
              27 C     -1.710601983003   -5.065011897788    0.228321611924
              28 H     -2.244727622164   -4.947344830499    1.189426921271
              29 H     -2.489076640113   -5.029233208333   -0.556231460951
              30 C     -1.010072428523   -6.425537723720    0.193891287915
              31 H     -0.250860284931   -6.506037236948    0.991048008851
              32 H     -0.494680618990   -6.586706103342   -0.768846167646
              33 C     -3.825383079359    0.251945316828    0.348996112480
              34 H     -4.877347045982    0.365859085225    0.523162229648
              35 H      5.951665987744   -0.228861844262    1.309022687405
              36 H     -1.726030797409   -7.252137147782    0.330975125485
------------------------ !GEOMETRY! -------------------------
    Number of atoms:    37 
    Geometry Index:     3 
    Coordinates:
               0 C     -2.631596667306    0.129889056167    0.152945660997
               1 C      1.575863751616   -0.218018106198   -0.504991674990
               2 C      0.963822236894    1.083546150547   -0.471920518152
               3 C     -0.443340409728    1.138551394679   -0.248119470535
               4 C     -1.220279462930   -0.005180195686   -0.065902253881
               5 C     -0.611009688932   -1.294596183980   -0.103795310691
               6 C      0.773999003472   -1.347004716245   -0.323994569268
               7 H     -0.932112507223    2.114973023982   -0.219803535234
               8 H      1.262338023533   -2.323048991435   -0.360687531385
               9 C      1.682286845310    2.282285514375   -0.654362986470
              10 H      2.755458673111    2.297222888458   -0.838416136795
              11 H      1.162942845679    3.241729780971   -0.622223720578
              12 C      3.065834263570   -0.388546374398   -0.698656259180
              13 H      3.262023016831   -1.404532897680   -1.082470370225
              14 H      3.432977268000    0.306368906862   -1.474054360059
              15 C      3.887514619749   -0.182955373764    0.591464873261
              16 H      3.688811484633    0.825725389621    0.993912494431
              17 H      3.528648897195   -0.892623508955    1.358202099458
              18 C      5.390342003544   -0.369448302589    0.371431233994
              19 H      5.781137441371    0.351469258984   -0.367553654061
              20 H      5.618741961510   -1.381977642043   -0.004349992781
              21 C     -1.464202088442   -2.531527255849    0.084085752423
              22 H     -2.003034320049   -2.436934094025    1.045487762953
              23 H     -2.265136750413   -2.516674575657   -0.678829269109
              24 C     -0.750621911671   -3.885261028910    0.036885917963
              25 H     -0.229467741759   -4.002280682809   -0.931185635577
              26 H      0.033199406658   -3.924469459783    0.815700093003
              27 C     -1.711359315995   -5.064692728481    0.232430088222
              28 H     -2.238009741762   -4.948280734752    1.197733160710
              29 H     -2.495639347783   -5.026357890648   -0.546048378100
              30 C     -1.012746581909   -6.426102365588    0.189580042516
              31 H     -0.246895486624   -6.508810912067    0.980041363025
              32 H     -0.505960978228   -6.586065420645   -0.777902351380
              33 C     -3.826625612104    0.249482410163    0.342032398379
              34 H     -4.879280355505    0.361415692228    0.513223901194
              35 H      5.954179522577   -0.226136058439    1.307646319552
              36 H     -1.728335856888   -7.252291586408    0.331363446369
