-------------------------------------------------------------
----------------------- !PROPERTIES! ------------------------
-------------------------------------------------------------
# -----------------------------------------------------------
$ PAL_Flags
   description: The PAL Flags
   geom. index: 1
   prop. index: 1
        Diskflag:     2
# -----------------------------------------------------------
$ SCF_Energy
   description: The SCF energy
   geom. index: 1
   prop. index: 1
        SCF Energy:    -1312.0498383089
# -----------------------------------------------------------
$ DFT_Energy
   description: The DFT energy
   geom. index: 1
   prop. index: 1
   Number of Alpha Electrons                117.0001582042 
   Number of Beta  Electrons                116.0001452737 
   Total number of  Electrons               233.0003034779 
   Exchange energy                         -147.8979245292 
   Correlation energy                        -9.1235327169 
   Correlation energy NL                      0.0000000000 
   Exchange-Correlation energy             -157.0214572460 
   Embedding correction                       0.0000000000 
   Total DFT Energy (No VdW correction)   -1312.0498383089 
# -----------------------------------------------------------
$ Mayer_Pop
   description: The Mayer population analysis
   geom. index: 1
   prop. index: 1
     Number of atoms                     : 63
     Threshold for printing              : 0.1000000
     Number of bond orders printed       : 71
  NA   - Mulliken gross atomic population
  ZA   - Total nuclear charge
  QA   - Mulliken gross atomic charge
  VA   - Mayer's total valence
  BVA  - Mayer's bonded valence
  FA   - Mayer's free valence
  ATOM       NA         ZA         QA         VA         BVA        FA
  0   0     5.8155     6.0000     0.1845     2.5429     2.5369     0.0060
  1   0     5.7494     6.0000     0.2506     2.4480     2.4457     0.0023
  2   0     5.7603     6.0000     0.2397     2.5032     2.5026     0.0006
  3   0     6.1892     6.0000    -0.1892     3.7513     3.7174     0.0339
  4   0     5.9289     6.0000     0.0711     4.1412     4.1263     0.0149
  5   0     6.0267     6.0000    -0.0267     3.8706     3.8360     0.0346
  6   0     6.1530     6.0000    -0.1530     3.8265     3.8195     0.0070
  7   0     6.0864     6.0000    -0.0864     4.1471     4.1105     0.0366
  8   0     5.9902     6.0000     0.0098     3.9055     3.8976     0.0079
  9   0     1.0528     1.0000    -0.0528     1.0033     1.0032     0.0001
 10   0     1.0542     1.0000    -0.0542     1.0038     1.0038     0.0000
 11   0     6.0989     6.0000    -0.0989     3.9302     3.5698     0.3604
 12   0     1.0262     1.0000    -0.0262     1.0082     1.0070     0.0012
 13   0     5.9659     6.0000     0.0341     4.0097     4.0083     0.0014
 14   0     0.9702     1.0000     0.0298     0.9627     0.9616     0.0011
 15   0     0.9702     1.0000     0.0298     0.9627     0.9616     0.0011
 16   0     6.0392     6.0000    -0.0392     4.1315     4.1315     0.0000
 17   0     0.9873     1.0000     0.0127     0.9640     0.9640     0.0000
 18   0     0.9873     1.0000     0.0127     0.9640     0.9640     0.0000
 19   0     5.9934     6.0000     0.0066     4.0164     4.0164     0.0000
 20   0     0.9822     1.0000     0.0178     0.9775     0.9775     0.0000
 21   0     0.9822     1.0000     0.0178     0.9775     0.9775     0.0000
 22   0     5.9610     6.0000     0.0390     4.0309     4.0307     0.0002
 23   0     0.9677     1.0000     0.0323     0.9688     0.9687     0.0001
 24   0     0.9677     1.0000     0.0323     0.9688     0.9687     0.0001
 25   0     6.0340     6.0000    -0.0340     4.1141     4.1141     0.0000
 26   0     0.9830     1.0000     0.0170     0.9630     0.9630     0.0000
 27   0     0.9830     1.0000     0.0170     0.9630     0.9630     0.0000
 28   0     6.0248     6.0000    -0.0248     4.1177     4.1177     0.0000
 29   0     0.9944     1.0000     0.0056     0.9674     0.9674     0.0000
 30   0     0.9944     1.0000     0.0056     0.9674     0.9674     0.0000
 31   0     5.9960     6.0000     0.0040     4.0170     4.0170     0.0000
 32   0     0.9826     1.0000     0.0174     0.9773     0.9773     0.0000
 33   0     0.9826     1.0000     0.0174     0.9773     0.9773     0.0000
 34   0     5.8297     6.0000     0.1703     2.5779     2.5766     0.0013
 35   0     0.9859     1.0000     0.0141     0.9734     0.9734     0.0000
 36   0     0.9868     1.0000     0.0132     0.9735     0.9735     0.0000
 37   0     6.2436     6.0000    -0.2436     3.8865     3.8864     0.0001
 38   0     5.9635     6.0000     0.0365     3.9741     3.9740     0.0001
 39   0     5.9521     6.0000     0.0479     3.9622     3.9622     0.0000
 40   0     6.1015     6.0000    -0.1015     3.8891     3.8890     0.0001
 41   0     5.9524     6.0000     0.0476     3.9623     3.9623     0.0000
 42   0     5.9654     6.0000     0.0346     3.9726     3.9725     0.0001
 43   0     1.0257     1.0000    -0.0257     1.0297     1.0297     0.0000
 44   0     1.0323     1.0000    -0.0323     0.9823     0.9823     0.0000
 45   0     1.0358     1.0000    -0.0358     0.9841     0.9841     0.0000
 46   0     1.0347     1.0000    -0.0347     0.9837     0.9837     0.0000
 47   0     1.0321     1.0000    -0.0321     0.9823     0.9823     0.0000
 48   0     6.2474     6.0000    -0.2474     3.8882     3.8878     0.0004
 49   0     5.9689     6.0000     0.0311     3.9734     3.9729     0.0005
 50   0     5.9526     6.0000     0.0474     3.9623     3.9621     0.0002
 51   0     6.1019     6.0000    -0.1019     3.8880     3.8874     0.0006
 52   0     5.9519     6.0000     0.0481     3.9626     3.9624     0.0002
 53   0     5.9634     6.0000     0.0366     3.9724     3.9719     0.0005
 54   0     1.0263     1.0000    -0.0263     1.0297     1.0297     0.0000
 55   0     1.0327     1.0000    -0.0327     0.9821     0.9821     0.0000
 56   0     1.0347     1.0000    -0.0347     0.9816     0.9816     0.0000
 57   0     1.0366     1.0000    -0.0366     0.9842     0.9842     0.0000
 58   0     1.0332     1.0000    -0.0332     0.9823     0.9823     0.0000
 59   0     5.3520     6.0000     0.6480     2.8944     2.8944     0.0000
 60   0     6.5626     6.0000    -0.5626     3.3957     3.3955     0.0002
 61   0     5.3518     6.0000     0.6482     2.8937     2.8937     0.0000
 62   0     6.5618     6.0000    -0.5618     3.3951     3.3951     0.0000
      Bond orders larger than 0.1000000
           Atom A     A.N. of A          Atom B    A.N. of B              Bond order
                0             6               1            6                1.674905
                0             6               3            6               -0.109955
                0             6              48            6                0.909730
                1             6               3            6                0.881357
                1             6              48            6               -0.178910
                2             6               6            6                0.880938
                2             6              34            6                1.718739
                2             6              37            6               -0.172090
                3             6               4            6                1.277141
                3             6               8            6                1.395955
                3             6              48            6                0.108545
                4             6               5            6                1.290239
                4             6              11            6                1.383099
                5             6               6            6                1.447992
                5             6               9            1                0.917801
                6             6               7            6                1.341689
                6             6              34            6               -0.107861
                6             6              37            6                0.100276
                7             6               8            6                1.430877
                7             6              22            6                1.095570
                8             6              10            1                0.920115
               11             6              12            1                0.898500
               11             6              13            6                1.084343
               13             6              14            1                0.911331
               13             6              15            1                0.911324
               13             6              16            6                1.071314
               16             6              17            1                0.943738
               16             6              18            1                0.943729
               16             6              19            6                1.106710
               19             6              20            1                0.965265
               19             6              21            1                0.965269
               19             6              35            1                0.960749
               22             6              23            1                0.895619
               22             6              24            1                0.895672
               22             6              25            6                1.104594
               25             6              26            1                0.929176
               25             6              27            1                0.929244
               25             6              28            6                1.074652
               28             6              29            1                0.940963
               28             6              30            1                0.940966
               28             6              31            6                1.106310
               31             6              32            1                0.966179
               31             6              33            1                0.966178
               31             6              36            1                0.961602
               34             6              37            6                0.906114
               37             6              38            6                1.425380
               37             6              42            6                1.421024
               38             6              39            6                1.470633
               38             6              45            1                0.938400
               39             6              40            6                1.409970
               39             6              47            1                0.938053
               40             6              41            6                1.409801
               40             6              61            6                0.904160
               41             6              42            6                1.470847
               41             6              44            1                0.938052
               42             6              46            1                0.938739
               43             1              62            6                1.112561
               48             6              49            6                1.418537
               48             6              53            6                1.420298
               49             6              50            6                1.472774
               49             6              56            1                0.938772
               50             6              51            6                1.407399
               50             6              58            1                0.938023
               51             6              52            6                1.407940
               51             6              59            6                0.905262
               52             6              53            6                1.473631
               52             6              55            1                0.937860
               53             6              57            1                0.938150
               54             1              60            6                1.112627
               59             6              60            6                2.151518
               61             6              62            6                2.152229
# -----------------------------------------------------------
$ PAL_Flags
   description: The PAL Flags
   geom. index: 2
   prop. index: 1
        Diskflag:     2
# -----------------------------------------------------------
$ SCF_Energy
   description: The SCF energy
   geom. index: 2
   prop. index: 1
        SCF Energy:    -1312.0498381550
# -----------------------------------------------------------
$ DFT_Energy
   description: The DFT energy
   geom. index: 2
   prop. index: 1
   Number of Alpha Electrons                117.0001581668 
   Number of Beta  Electrons                116.0001452196 
   Total number of  Electrons               233.0003033864 
   Exchange energy                         -147.8978764667 
   Correlation energy                        -9.1235298932 
   Correlation energy NL                      0.0000000000 
   Exchange-Correlation energy             -157.0214063599 
   Embedding correction                       0.0000000000 
   Total DFT Energy (No VdW correction)   -1312.0498381550 
# -----------------------------------------------------------
$ Mayer_Pop
   description: The Mayer population analysis
   geom. index: 2
   prop. index: 1
     Number of atoms                     : 63
     Threshold for printing              : 0.1000000
     Number of bond orders printed       : 71
  NA   - Mulliken gross atomic population
  ZA   - Total nuclear charge
  QA   - Mulliken gross atomic charge
  VA   - Mayer's total valence
  BVA  - Mayer's bonded valence
  FA   - Mayer's free valence
  ATOM       NA         ZA         QA         VA         BVA        FA
  0   0     5.8155     6.0000     0.1845     2.5430     2.5370     0.0060
  1   0     5.7494     6.0000     0.2506     2.4480     2.4457     0.0023
  2   0     5.7603     6.0000     0.2397     2.5032     2.5026     0.0006
  3   0     6.1892     6.0000    -0.1892     3.7513     3.7174     0.0339
  4   0     5.9288     6.0000     0.0712     4.1411     4.1262     0.0149
  5   0     6.0267     6.0000    -0.0267     3.8706     3.8360     0.0346
  6   0     6.1530     6.0000    -0.1530     3.8266     3.8196     0.0070
  7   0     6.0864     6.0000    -0.0864     4.1470     4.1104     0.0366
  8   0     5.9902     6.0000     0.0098     3.9055     3.8976     0.0079
  9   0     1.0528     1.0000    -0.0528     1.0033     1.0032     0.0001
 10   0     1.0542     1.0000    -0.0542     1.0038     1.0038     0.0000
 11   0     6.0989     6.0000    -0.0989     3.9302     3.5698     0.3604
 12   0     1.0262     1.0000    -0.0262     1.0082     1.0070     0.0012
 13   0     5.9659     6.0000     0.0341     4.0097     4.0083     0.0014
 14   0     0.9702     1.0000     0.0298     0.9627     0.9616     0.0011
 15   0     0.9702     1.0000     0.0298     0.9627     0.9616     0.0011
 16   0     6.0392     6.0000    -0.0392     4.1315     4.1315     0.0000
 17   0     0.9873     1.0000     0.0127     0.9640     0.9640     0.0000
 18   0     0.9873     1.0000     0.0127     0.9640     0.9640     0.0000
 19   0     5.9934     6.0000     0.0066     4.0164     4.0164     0.0000
 20   0     0.9822     1.0000     0.0178     0.9775     0.9775     0.0000
 21   0     0.9822     1.0000     0.0178     0.9775     0.9775     0.0000
 22   0     5.9610     6.0000     0.0390     4.0309     4.0307     0.0002
 23   0     0.9677     1.0000     0.0323     0.9688     0.9687     0.0001
 24   0     0.9677     1.0000     0.0323     0.9688     0.9687     0.0001
 25   0     6.0340     6.0000    -0.0340     4.1141     4.1141     0.0000
 26   0     0.9830     1.0000     0.0170     0.9630     0.9630     0.0000
 27   0     0.9830     1.0000     0.0170     0.9630     0.9630     0.0000
 28   0     6.0248     6.0000    -0.0248     4.1177     4.1177     0.0000
 29   0     0.9944     1.0000     0.0056     0.9674     0.9674     0.0000
 30   0     0.9944     1.0000     0.0056     0.9674     0.9674     0.0000
 31   0     5.9960     6.0000     0.0040     4.0170     4.0170     0.0000
 32   0     0.9826     1.0000     0.0174     0.9773     0.9773     0.0000
 33   0     0.9826     1.0000     0.0174     0.9773     0.9773     0.0000
 34   0     5.8296     6.0000     0.1704     2.5778     2.5765     0.0013
 35   0     0.9860     1.0000     0.0140     0.9734     0.9734     0.0000
 36   0     0.9868     1.0000     0.0132     0.9735     0.9735     0.0000
 37   0     6.2436     6.0000    -0.2436     3.8865     3.8864     0.0001
 38   0     5.9635     6.0000     0.0365     3.9741     3.9740     0.0001
 39   0     5.9521     6.0000     0.0479     3.9622     3.9622     0.0000
 40   0     6.1015     6.0000    -0.1015     3.8890     3.8889     0.0001
 41   0     5.9524     6.0000     0.0476     3.9623     3.9623     0.0000
 42   0     5.9654     6.0000     0.0346     3.9726     3.9725     0.0001
 43   0     1.0257     1.0000    -0.0257     1.0297     1.0297     0.0000
 44   0     1.0323     1.0000    -0.0323     0.9823     0.9823     0.0000
 45   0     1.0358     1.0000    -0.0358     0.9841     0.9841     0.0000
 46   0     1.0347     1.0000    -0.0347     0.9837     0.9837     0.0000
 47   0     1.0321     1.0000    -0.0321     0.9823     0.9823     0.0000
 48   0     6.2474     6.0000    -0.2474     3.8882     3.8878     0.0004
 49   0     5.9689     6.0000     0.0311     3.9734     3.9729     0.0005
 50   0     5.9526     6.0000     0.0474     3.9623     3.9621     0.0002
 51   0     6.1019     6.0000    -0.1019     3.8880     3.8874     0.0006
 52   0     5.9519     6.0000     0.0481     3.9626     3.9624     0.0002
 53   0     5.9634     6.0000     0.0366     3.9724     3.9719     0.0005
 54   0     1.0263     1.0000    -0.0263     1.0297     1.0297     0.0000
 55   0     1.0327     1.0000    -0.0327     0.9821     0.9821     0.0000
 56   0     1.0347     1.0000    -0.0347     0.9816     0.9816     0.0000
 57   0     1.0366     1.0000    -0.0366     0.9842     0.9842     0.0000
 58   0     1.0332     1.0000    -0.0332     0.9823     0.9823     0.0000
 59   0     5.3519     6.0000     0.6481     2.8944     2.8944     0.0000
 60   0     6.5626     6.0000    -0.5626     3.3957     3.3955     0.0002
 61   0     5.3518     6.0000     0.6482     2.8937     2.8937     0.0000
 62   0     6.5618     6.0000    -0.5618     3.3951     3.3951     0.0000
      Bond orders larger than 0.1000000
           Atom A     A.N. of A          Atom B    A.N. of B              Bond order
                0             6               1            6                1.674992
                0             6               3            6               -0.109963
                0             6              48            6                0.909731
                1             6               3            6                0.881358
                1             6              48            6               -0.178904
                2             6               6            6                0.880944
                2             6              34            6                1.718723
                2             6              37            6               -0.172101
                3             6               4            6                1.277071
                3             6               8            6                1.396051
                3             6              48            6                0.108541
                4             6               5            6                1.290154
                4             6              11            6                1.383136
                5             6               6            6                1.448071
                5             6               9            1                0.917805
                6             6               7            6                1.341645
                6             6              34            6               -0.107876
                6             6              37            6                0.100280
                7             6               8            6                1.430848
                7             6              22            6                1.095561
                8             6              10            1                0.920121
               11             6              12            1                0.898478
               11             6              13            6                1.084335
               13             6              14            1                0.911340
               13             6              15            1                0.911320
               13             6              16            6                1.071316
               16             6              17            1                0.943740
               16             6              18            1                0.943727
               16             6              19            6                1.106705
               19             6              20            1                0.965264
               19             6              21            1                0.965268
               19             6              35            1                0.960751
               22             6              23            1                0.895626
               22             6              24            1                0.895663
               22             6              25            6                1.104599
               25             6              26            1                0.929181
               25             6              27            1                0.929243
               25             6              28            6                1.074637
               28             6              29            1                0.940966
               28             6              30            1                0.940969
               28             6              31            6                1.106307
               31             6              32            1                0.966178
               31             6              33            1                0.966175
               31             6              36            1                0.961600
               34             6              37            6                0.906100
               37             6              38            6                1.425359
               37             6              42            6                1.421043
               38             6              39            6                1.470641
               38             6              45            1                0.938400
               39             6              40            6                1.409968
               39             6              47            1                0.938054
               40             6              41            6                1.409796
               40             6              61            6                0.904153
               41             6              42            6                1.470847
               41             6              44            1                0.938052
               42             6              46            1                0.938742
               43             1              62            6                1.112559
               48             6              49            6                1.418507
               48             6              53            6                1.420320
               49             6              50            6                1.472767
               49             6              56            1                0.938773
               50             6              51            6                1.407413
               50             6              58            1                0.938019
               51             6              52            6                1.407920
               51             6              59            6                0.905259
               52             6              53            6                1.473646
               52             6              55            1                0.937864
               53             6              57            1                0.938149
               54             1              60            6                1.112622
               59             6              60            6                2.151515
               61             6              62            6                2.152216
# -----------------------------------------------------------
$ SCF_Electric_Properties
   description: The SCF Calculated Electric Properties
   geom. index: 2
   prop. index: 1
       Filename                          : opt_cc-pVDZ.scfp 
       Do Dipole Moment Calculation      : true 
       Do Quadrupole Moment Calculation  : false 
       Do Polarizability Calculation     : false 
** Dipole moment part of electric properties **
        Magnitude of dipole moment (Debye) :        0.4341043631
        Electronic Contribution:
                  0    
      0       0.394535
      1      -1.964261
      2       0.008290
        Nuclear Contribution:
                  0    
      0      -0.559020
      1       1.918295
      2      -0.008536
        Total Dipole moment:
                  0    
      0      -0.164484
      1      -0.045965
      2      -0.000246
# -------------------------------------------------------------
----------------------- !GEOMETRIES! ------------------------
# -------------------------------------------------------------
------------------------ !GEOMETRY! -------------------------
    Number of atoms:    63 
    Geometry Index:     1 
    Coordinates:
               0 C     12.367467774155   -0.026690246110   -0.004521350235
               1 C     11.143535976237   -0.068421462773   -0.003248744414
               2 C      5.470105333580   -0.000456434049   -0.000952993645
               3 C      9.724521636114   -0.088644923258   -0.002867467277
               4 C      8.990628204830   -1.335023623172   -0.006402857508
               5 C      7.570758790593   -1.236348737643   -0.005486769083
               6 C      6.897636524898   -0.011888627104   -0.001449761613
               7 C      7.634424377435    1.217415793498    0.002056119100
               8 C      9.026111819813    1.135701625300    0.001259440452
               9 H      6.974675430035   -2.149129889963   -0.008114281115
              10 H      9.619811852148    2.049653776251    0.003880510175
              11 C      9.646864547370   -2.583921114761   -0.010644532945
              12 H     10.739980962465   -2.573931967185   -0.011196977185
              13 C      8.960510064830   -3.917165479512   -0.014594216535
              14 H      8.287887155683   -4.000131671582    0.864048230427
              15 H      8.286467775056   -3.994222828846   -0.892681315446
              16 C      9.932017337697   -5.104805455655   -0.019412517119
              17 H     10.591663871685   -5.026394182315   -0.902867612821
              18 H     10.593458518957   -5.032110393233    0.863188580755
              19 C      9.223189418520   -6.460464694537   -0.023106295524
              20 H      8.579052459663   -6.573687214370   -0.912247989166
              21 H      8.580972060275   -6.579530417198    0.866660442123
              22 C      6.888617364340    2.535280059528    0.006627924051
              23 H      6.209491697386    2.550133717262   -0.866458470441
              24 H      6.212354893671    2.545704454946    0.882021496573
              25 C      7.733771363334    3.811741268029    0.008515311585
              26 H      8.398338825491    3.820952737061    0.891977274741
              27 H      8.396097086056    3.824966510159   -0.876583914698
              28 C      6.878226520906    5.084571675017    0.012530713917
              29 H      6.210709064323    5.076757523105   -0.869130173305
              30 H      6.212979973929    5.072747579082    0.895864868505
              31 C      7.710095370054    6.369491221251    0.014396682645
              32 H      8.360072167169    6.427193433935   -0.875760813684
              33 H      8.362496710182    6.423053491770    0.903036210617
              34 C      4.247577439115    0.004947974304    0.000113143677
              35 H      9.945335644622   -7.292651731598   -0.026625620084
              36 H      7.068970335216    7.265889977810    0.017358621169
              37 C      2.821946092879    0.006500021540    0.000494144382
              38 C      2.097893178844   -1.206838044889   -0.000235384021
              39 C      0.707780224294   -1.204952471727    0.000050430983
              40 C     -0.010740746200    0.009503621246    0.001090767964
              41 C      0.710352335428    1.222515449398    0.001863661615
              42 C      2.100373178174    1.221344768690    0.001582375612
              43 H     -3.729592330411    0.014614255088    0.001756310094
              44 H      0.163384301872    2.167010313994    0.002651100875
              45 H      2.643819508640   -2.151875907502   -0.001020892558
              46 H      2.647985654005    2.165427412302    0.002150246224
              47 H      0.158864307141   -2.148310457458   -0.000515406728
              48 C     13.789722281587    0.031477065098   -0.005117720114
              49 C     14.565302091287   -1.150710626352   -0.007167949266
              50 C     15.953740111523   -1.090711779698   -0.007603188507
              51 C     16.621352653983    0.152770168243   -0.006014295189
              52 C     15.849687353472    1.334609651280   -0.003972181752
              53 C     14.461312006784    1.275873190478   -0.003523846722
              54 H     20.336529760215    0.314151415808   -0.006977095003
              55 H     16.356949237705    2.301039831167   -0.002743152264
              56 H     14.060641145932   -2.118439075503   -0.008361001928
              57 H     13.874663141583    2.196191557252   -0.001938799238
              58 H     16.541337320896   -2.010508710476   -0.009127138306
              59 C     18.050568194212    0.214344033341   -0.006425444874
              60 C     19.265095398127    0.266906468238   -0.006700035367
              61 C     -1.441544696379    0.011219976397    0.001350274060
              62 C     -2.657086653427    0.013045420597    0.001569663358
------------------------ !GEOMETRY! -------------------------
    Number of atoms:    63 
    Geometry Index:     2 
    Coordinates:
               0 C     12.367466361842   -0.027253576192   -0.004270655094
               1 C     11.143538707856   -0.069299054976   -0.003039858370
               2 C      5.470130788586   -0.000662476043   -0.000814759153
               3 C      9.724525629485   -0.089436538277   -0.002678382054
               4 C      8.990499432886   -1.335723185304   -0.006213059121
               5 C      7.570640903425   -1.236827267701   -0.005283507469
               6 C      6.897657239323   -0.012282512284   -0.001346569319
               7 C      7.634582047040    1.216940243025    0.002004273041
               8 C      9.026256036909    1.135001722279    0.001259726449
               9 H      6.974283411164   -2.149427335953   -0.007827509260
              10 H      9.620187233501    2.048804881825    0.003762807584
              11 C      9.646544057094   -2.584699160659   -0.010512880362
              12 H     10.739690749966   -2.574825089449   -0.011224460222
              13 C      8.960009820257   -3.917865190412   -0.014285394422
              14 H      8.287727190086   -4.000766199470    0.864627911396
              15 H      8.285669309343   -3.994754874829   -0.892161188357
              16 C      9.931394215572   -5.105585663531   -0.019539499543
              17 H     10.590732630161   -5.027210823925   -0.903247008685
              18 H     10.593189434548   -5.033054081156    0.862830690053
              19 C      9.222318618302   -6.461123729589   -0.023061881275
              20 H      8.577846957320   -6.574131927591   -0.911993633827
              21 H      8.580458064461   -6.580123013353    0.866976781490
              22 C      6.889021605054    2.534940723918    0.006282226255
              23 H      6.210012103702    2.549778540380   -0.866923793530
              24 H      6.212619977371    2.545607229759    0.881591554632
              25 C      7.734368280913    3.811261719305    0.008081735473
              26 H      8.398868970264    3.820544376710    0.891618953540
              27 H      8.396779161397    3.824334025257   -0.876981225809
              28 C      6.878874149673    5.084152982093    0.011857283268
              29 H      6.211423706172    5.076210122703   -0.869877101987
              30 H      6.213550047754    5.072434710403    0.895157197213
              31 C      7.710870044603    6.368992516860    0.013614457116
              32 H      8.360868470656    6.426450836257   -0.876552004112
              33 H      8.363212306095    6.422506022453    0.902309643128
              34 C      4.247600445607    0.004800291033    0.000267256456
              35 H      9.944286256760   -7.293460508364   -0.026931949601
              36 H      7.069825450488    7.265432055230    0.016448921593
              37 C      2.821974087511    0.006563985312    0.000675091967
              38 C      2.097716838418   -1.206649099463   -0.001354402209
              39 C      0.707605616849   -1.204524550750   -0.001048168756
              40 C     -0.010713436769    0.010050770923    0.001309863643
              41 C      0.710585864260    1.222935910433    0.003369319155
              42 C      2.100603815991    1.221531557961    0.003068393537
              43 H     -3.729563525098    0.015721135748    0.002046243026
              44 H      0.163795352993    2.167533526919    0.005200332015
              45 H      2.643470989995   -2.151786491908   -0.003191827205
              46 H      2.648407379433    2.165506717461    0.004660261745
              47 H      0.158545743478   -2.147798151787   -0.002643972860
              48 C     13.789690331319    0.031503558764   -0.004822327357
              49 C     14.565842407590   -1.150309827112   -0.007822915145
              50 C     15.954243105115   -1.089615809127   -0.008291182403
              51 C     16.621264704249    0.154185327898   -0.005805825612
              52 C     15.849032445123    1.335648072299   -0.002864245047
              53 C     14.460685916560    1.276219525215   -0.002389818314
              54 H     20.336369780383    0.317181207780   -0.006912752151
              55 H     16.355741288222    2.302368794387   -0.000947863516
              56 H     14.061634246198   -2.118277786872   -0.009746326450
              57 H     13.873586786828    2.196248030947   -0.000103733558
              58 H     16.542332807114   -2.009094125322   -0.010582411836
              59 C     18.050447374360    0.216423765085   -0.006271798285
              60 C     19.264949705283    0.269530192212   -0.006594213781
              61 C     -1.441514045506    0.012000369256    0.001596447244
              62 C     -2.657053995539    0.014001873311    0.001839075036
