-------------------------------------------------------------
----------------------- !PROPERTIES! ------------------------
-------------------------------------------------------------
# -----------------------------------------------------------
$ PAL_Flags
   description: The PAL Flags
   geom. index: 1
   prop. index: 1
        Diskflag:     2
# -----------------------------------------------------------
$ SCF_Energy
   description: The SCF energy
   geom. index: 1
   prop. index: 1
        SCF Energy:    -1312.1285121207
# -----------------------------------------------------------
$ DFT_Energy
   description: The DFT energy
   geom. index: 1
   prop. index: 1
   Number of Alpha Electrons                117.0001837548 
   Number of Beta  Electrons                116.0001678358 
   Total number of  Electrons               233.0003515906 
   Exchange energy                         -147.7306679620 
   Correlation energy                        -9.1243396379 
   Correlation energy NL                      0.0000000000 
   Exchange-Correlation energy             -156.8550076000 
   Embedding correction                       0.0000000000 
   Total DFT Energy (No VdW correction)   -1312.1285121207 
# -----------------------------------------------------------
$ Mayer_Pop
   description: The Mayer population analysis
   geom. index: 1
   prop. index: 1
     Number of atoms                     : 63
     Threshold for printing              : 0.1000000
     Number of bond orders printed       : 74
  NA   - Mulliken gross atomic population
  ZA   - Total nuclear charge
  QA   - Mulliken gross atomic charge
  VA   - Mayer's total valence
  BVA  - Mayer's bonded valence
  FA   - Mayer's free valence
  ATOM       NA         ZA         QA         VA         BVA        FA
  0   0     6.4405     6.0000    -0.4405     3.7289     3.7229     0.0060
  1   0     6.3841     6.0000    -0.3841     3.5215     3.5193     0.0022
  2   0     6.3867     6.0000    -0.3867     3.5132     3.5126     0.0006
  3   0     5.4913     6.0000     0.5087     3.8217     3.7881     0.0336
  4   0     5.6217     6.0000     0.3783     3.9709     3.9565     0.0144
  5   0     6.4508     6.0000    -0.4508     4.2219     4.1866     0.0353
  6   0     5.4308     6.0000     0.5692     3.8623     3.8554     0.0069
  7   0     5.7602     6.0000     0.2398     3.9377     3.9011     0.0366
  8   0     6.3905     6.0000    -0.3905     4.3097     4.3018     0.0079
  9   0     0.8695     1.0000     0.1305     0.9664     0.9662     0.0002
 10   0     0.8679     1.0000     0.1321     0.9668     0.9668     0.0000
 11   0     6.2609     6.0000    -0.2609     3.9846     3.6155     0.3691
 12   0     0.8758     1.0000     0.1242     0.9838     0.9822     0.0016
 13   0     6.2689     6.0000    -0.2689     3.9681     3.9667     0.0014
 14   0     0.8498     1.0000     0.1502     0.9646     0.9636     0.0010
 15   0     0.8498     1.0000     0.1502     0.9646     0.9636     0.0010
 16   0     6.2813     6.0000    -0.2813     3.9020     3.9020     0.0000
 17   0     0.8478     1.0000     0.1522     0.9643     0.9643     0.0000
 18   0     0.8479     1.0000     0.1521     0.9643     0.9643     0.0000
 19   0     6.5064     6.0000    -0.5064     3.9075     3.9075     0.0000
 20   0     0.8428     1.0000     0.1572     0.9659     0.9659     0.0000
 21   0     0.8428     1.0000     0.1572     0.9659     0.9659     0.0000
 22   0     6.3528     6.0000    -0.3528     4.0264     4.0262     0.0002
 23   0     0.8505     1.0000     0.1495     0.9635     0.9634     0.0001
 24   0     0.8504     1.0000     0.1496     0.9635     0.9634     0.0001
 25   0     6.2673     6.0000    -0.2673     4.0313     4.0313     0.0000
 26   0     0.8608     1.0000     0.1392     0.9669     0.9669     0.0000
 27   0     0.8607     1.0000     0.1393     0.9669     0.9669     0.0000
 28   0     6.2533     6.0000    -0.2533     3.8912     3.8912     0.0000
 29   0     0.8588     1.0000     0.1412     0.9677     0.9677     0.0000
 30   0     0.8588     1.0000     0.1412     0.9677     0.9677     0.0000
 31   0     6.5075     6.0000    -0.5075     3.9029     3.9029     0.0000
 32   0     0.8423     1.0000     0.1577     0.9658     0.9658     0.0000
 33   0     0.8423     1.0000     0.1577     0.9658     0.9658     0.0000
 34   0     6.4261     6.0000    -0.4261     3.7530     3.7517     0.0013
 35   0     0.8550     1.0000     0.1450     0.9675     0.9675     0.0000
 36   0     0.8573     1.0000     0.1427     0.9672     0.9672     0.0000
 37   0     5.3352     6.0000     0.6648     3.8826     3.8825     0.0001
 38   0     6.2609     6.0000    -0.2609     4.1778     4.1777     0.0001
 39   0     6.2573     6.0000    -0.2573     4.1923     4.1923     0.0000
 40   0     5.3827     6.0000     0.6173     3.7430     3.7429     0.0001
 41   0     6.2627     6.0000    -0.2627     4.2050     4.2050     0.0000
 42   0     6.2499     6.0000    -0.2499     4.1664     4.1663     0.0001
 43   0     0.8148     1.0000     0.1852     0.9758     0.9758     0.0000
 44   0     0.8787     1.0000     0.1213     0.9597     0.9597     0.0000
 45   0     0.8798     1.0000     0.1202     0.9612     0.9612     0.0000
 46   0     0.8802     1.0000     0.1198     0.9610     0.9610     0.0000
 47   0     0.8785     1.0000     0.1215     0.9597     0.9597     0.0000
 48   0     5.3268     6.0000     0.6732     3.8735     3.8732     0.0003
 49   0     6.2590     6.0000    -0.2590     4.1778     4.1773     0.0005
 50   0     6.2591     6.0000    -0.2591     4.2018     4.2016     0.0002
 51   0     5.3876     6.0000     0.6124     3.7480     3.7474     0.0006
 52   0     6.2591     6.0000    -0.2591     4.1936     4.1934     0.0002
 53   0     6.2563     6.0000    -0.2563     4.1805     4.1800     0.0005
 54   0     0.8152     1.0000     0.1848     0.9759     0.9759     0.0000
 55   0     0.8790     1.0000     0.1210     0.9598     0.9598     0.0000
 56   0     0.8832     1.0000     0.1168     0.9617     0.9617     0.0000
 57   0     0.8805     1.0000     0.1195     0.9615     0.9615     0.0000
 58   0     0.8791     1.0000     0.1209     0.9598     0.9598     0.0000
 59   0     6.0602     6.0000    -0.0602     3.9128     3.9128     0.0000
 60   0     6.5014     6.0000    -0.5014     3.9082     3.9080     0.0002
 61   0     6.0610     6.0000    -0.0610     3.9134     3.9134     0.0000
 62   0     6.4999     6.0000    -0.4999     3.9078     3.9078     0.0000
      Bond orders larger than 0.1000000
           Atom A     A.N. of A          Atom B    A.N. of B              Bond order
                0             6               1            6                2.272308
                0             6               3            6                0.107279
                0             6              48            6                0.974781
                1             6               3            6                0.774710
                2             6               6            6                0.731533
                2             6              34            6                2.327727
                3             6               4            6                1.287658
                3             6               7            6                0.111235
                3             6               8            6                1.439026
                4             6               5            6                1.221337
                4             6               6            6                0.118886
                4             6              11            6                1.299616
                5             6               6            6                1.499674
                5             6               9            1                0.969096
                6             6               7            6                1.345523
                6             6               8            6                0.108893
                6             6              34            6                0.105549
                7             6               8            6                1.415914
                7             6              22            6                0.964293
                8             6              10            1                0.970995
               11             6              12            1                0.982579
               11             6              13            6                1.000603
               13             6              14            1                0.954900
               13             6              15            1                0.954884
               13             6              16            6                0.982610
               16             6              17            1                0.971907
               16             6              18            1                0.971896
               16             6              19            6                0.962398
               19             6              20            1                0.972760
               19             6              21            1                0.972768
               19             6              35            1                0.967028
               22             6              23            1                0.954528
               22             6              24            1                0.954894
               22             6              25            6                1.025397
               25             6              26            1                0.960616
               25             6              27            1                0.960708
               25             6              28            6                0.988341
               28             6              29            1                0.971075
               28             6              30            1                0.971069
               28             6              31            6                0.955052
               31             6              32            1                0.973092
               31             6              33            1                0.973100
               31             6              36            1                0.966882
               34             6              37            6                0.959281
               37             6              38            6                1.382770
               37             6              39            6                0.108128
               37             6              41            6                0.106627
               37             6              42            6                1.375555
               38             6              39            6                1.496315
               38             6              45            1                0.977163
               39             6              40            6                1.367554
               39             6              47            1                0.974428
               40             6              41            6                1.371312
               40             6              61            6                0.914464
               41             6              42            6                1.497977
               41             6              44            1                0.975530
               42             6              46            1                0.976280
               43             1              62            6                0.981769
               48             6              49            6                1.372209
               48             6              50            6                0.105713
               48             6              52            6                0.106769
               48             6              53            6                1.369425
               49             6              50            6                1.500421
               49             6              56            1                0.977038
               50             6              51            6                1.368676
               50             6              58            1                0.975344
               51             6              52            6                1.366995
               51             6              59            6                0.916525
               52             6              53            6                1.498984
               52             6              55            1                0.974556
               53             6              57            1                0.977515
               54             1              60            6                0.981967
               59             6              60            6                2.778300
               61             6              62            6                2.780251
# -----------------------------------------------------------
$ PAL_Flags
   description: The PAL Flags
   geom. index: 2
   prop. index: 1
        Diskflag:     2
# -----------------------------------------------------------
$ SCF_Energy
   description: The SCF energy
   geom. index: 2
   prop. index: 1
        SCF Energy:    -1312.1298656173
# -----------------------------------------------------------
$ DFT_Energy
   description: The DFT energy
   geom. index: 2
   prop. index: 1
   Number of Alpha Electrons                117.0001739307 
   Number of Beta  Electrons                116.0001585901 
   Total number of  Electrons               233.0003325208 
   Exchange energy                         -147.7308118159 
   Correlation energy                        -9.1232491051 
   Correlation energy NL                      0.0000000000 
   Exchange-Correlation energy             -156.8540609210 
   Embedding correction                       0.0000000000 
   Total DFT Energy (No VdW correction)   -1312.1298656173 
# -----------------------------------------------------------
$ PAL_Flags
   description: The PAL Flags
   geom. index: 3
   prop. index: 1
        Diskflag:     2
# -----------------------------------------------------------
$ SCF_Energy
   description: The SCF energy
   geom. index: 3
   prop. index: 1
        SCF Energy:    -1312.1299218230
# -----------------------------------------------------------
$ DFT_Energy
   description: The DFT energy
   geom. index: 3
   prop. index: 1
   Number of Alpha Electrons                117.0001749875 
   Number of Beta  Electrons                116.0001598441 
   Total number of  Electrons               233.0003348316 
   Exchange energy                         -147.7243913990 
   Correlation energy                        -9.1226560737 
   Correlation energy NL                      0.0000000000 
   Exchange-Correlation energy             -156.8470474727 
   Embedding correction                       0.0000000000 
   Total DFT Energy (No VdW correction)   -1312.1299218230 
# -----------------------------------------------------------
$ PAL_Flags
   description: The PAL Flags
   geom. index: 4
   prop. index: 1
        Diskflag:     2
# -----------------------------------------------------------
$ SCF_Energy
   description: The SCF energy
   geom. index: 4
   prop. index: 1
        SCF Energy:    -1312.1299368244
# -----------------------------------------------------------
$ DFT_Energy
   description: The DFT energy
   geom. index: 4
   prop. index: 1
   Number of Alpha Electrons                117.0001770889 
   Number of Beta  Electrons                116.0001620873 
   Total number of  Electrons               233.0003391762 
   Exchange energy                         -147.7219868353 
   Correlation energy                        -9.1224595826 
   Correlation energy NL                      0.0000000000 
   Exchange-Correlation energy             -156.8444464178 
   Embedding correction                       0.0000000000 
   Total DFT Energy (No VdW correction)   -1312.1299368244 
# -----------------------------------------------------------
$ PAL_Flags
   description: The PAL Flags
   geom. index: 5
   prop. index: 1
        Diskflag:     2
# -----------------------------------------------------------
$ SCF_Energy
   description: The SCF energy
   geom. index: 5
   prop. index: 1
        SCF Energy:    -1312.1299394645
# -----------------------------------------------------------
$ DFT_Energy
   description: The DFT energy
   geom. index: 5
   prop. index: 1
   Number of Alpha Electrons                117.0001782855 
   Number of Beta  Electrons                116.0001633393 
   Total number of  Electrons               233.0003416248 
   Exchange energy                         -147.7224264867 
   Correlation energy                        -9.1225022898 
   Correlation energy NL                      0.0000000000 
   Exchange-Correlation energy             -156.8449287765 
   Embedding correction                       0.0000000000 
   Total DFT Energy (No VdW correction)   -1312.1299394645 
# -----------------------------------------------------------
$ PAL_Flags
   description: The PAL Flags
   geom. index: 6
   prop. index: 1
        Diskflag:     2
# -----------------------------------------------------------
$ SCF_Energy
   description: The SCF energy
   geom. index: 6
   prop. index: 1
        SCF Energy:    -1312.1299400904
# -----------------------------------------------------------
$ DFT_Energy
   description: The DFT energy
   geom. index: 6
   prop. index: 1
   Number of Alpha Electrons                117.0001788222 
   Number of Beta  Electrons                116.0001639072 
   Total number of  Electrons               233.0003427294 
   Exchange energy                         -147.7229067052 
   Correlation energy                        -9.1225442742 
   Correlation energy NL                      0.0000000000 
   Exchange-Correlation energy             -156.8454509793 
   Embedding correction                       0.0000000000 
   Total DFT Energy (No VdW correction)   -1312.1299400904 
# -----------------------------------------------------------
$ Mayer_Pop
   description: The Mayer population analysis
   geom. index: 6
   prop. index: 1
     Number of atoms                     : 63
     Threshold for printing              : 0.1000000
     Number of bond orders printed       : 74
  NA   - Mulliken gross atomic population
  ZA   - Total nuclear charge
  QA   - Mulliken gross atomic charge
  VA   - Mayer's total valence
  BVA  - Mayer's bonded valence
  FA   - Mayer's free valence
  ATOM       NA         ZA         QA         VA         BVA        FA
  0   0     6.4396     6.0000    -0.4396     3.7267     3.7207     0.0060
  1   0     6.3806     6.0000    -0.3806     3.5223     3.5201     0.0022
  2   0     6.3838     6.0000    -0.3838     3.5146     3.5140     0.0006
  3   0     5.4975     6.0000     0.5025     3.8124     3.7787     0.0337
  4   0     5.6257     6.0000     0.3743     3.9636     3.9489     0.0147
  5   0     6.4460     6.0000    -0.4460     4.2134     4.1777     0.0357
  6   0     5.4355     6.0000     0.5645     3.8525     3.8454     0.0071
  7   0     5.7675     6.0000     0.2325     3.9335     3.8966     0.0369
  8   0     6.3854     6.0000    -0.3854     4.2999     4.2918     0.0081
  9   0     0.8676     1.0000     0.1324     0.9657     0.9655     0.0002
 10   0     0.8661     1.0000     0.1339     0.9662     0.9662     0.0000
 11   0     6.2641     6.0000    -0.2641     3.9790     3.6050     0.3740
 12   0     0.8744     1.0000     0.1256     0.9836     0.9820     0.0016
 13   0     6.2726     6.0000    -0.2726     3.9636     3.9623     0.0013
 14   0     0.8471     1.0000     0.1529     0.9639     0.9630     0.0009
 15   0     0.8473     1.0000     0.1527     0.9640     0.9631     0.0009
 16   0     6.2890     6.0000    -0.2890     3.9010     3.9010     0.0000
 17   0     0.8450     1.0000     0.1550     0.9636     0.9636     0.0000
 18   0     0.8452     1.0000     0.1548     0.9636     0.9636     0.0000
 19   0     6.5093     6.0000    -0.5093     3.9067     3.9067     0.0000
 20   0     0.8406     1.0000     0.1594     0.9653     0.9653     0.0000
 21   0     0.8406     1.0000     0.1594     0.9653     0.9653     0.0000
 22   0     6.3559     6.0000    -0.3559     4.0226     4.0224     0.0002
 23   0     0.8479     1.0000     0.1521     0.9627     0.9626     0.0001
 24   0     0.8478     1.0000     0.1522     0.9627     0.9626     0.0001
 25   0     6.2726     6.0000    -0.2726     4.0263     4.0263     0.0000
 26   0     0.8579     1.0000     0.1421     0.9663     0.9663     0.0000
 27   0     0.8578     1.0000     0.1422     0.9663     0.9663     0.0000
 28   0     6.2621     6.0000    -0.2621     3.8904     3.8904     0.0000
 29   0     0.8558     1.0000     0.1442     0.9670     0.9670     0.0000
 30   0     0.8558     1.0000     0.1442     0.9670     0.9670     0.0000
 31   0     6.5103     6.0000    -0.5103     3.9023     3.9023     0.0000
 32   0     0.8402     1.0000     0.1598     0.9652     0.9652     0.0000
 33   0     0.8402     1.0000     0.1598     0.9652     0.9652     0.0000
 34   0     6.4250     6.0000    -0.4250     3.7524     3.7511     0.0013
 35   0     0.8534     1.0000     0.1466     0.9671     0.9671     0.0000
 36   0     0.8557     1.0000     0.1443     0.9669     0.9669     0.0000
 37   0     5.3427     6.0000     0.6573     3.8716     3.8715     0.0001
 38   0     6.2599     6.0000    -0.2599     4.1736     4.1735     0.0001
 39   0     6.2565     6.0000    -0.2565     4.1883     4.1883     0.0000
 40   0     5.3896     6.0000     0.6104     3.7360     3.7359     0.0001
 41   0     6.2621     6.0000    -0.2621     4.2010     4.2010     0.0000
 42   0     6.2482     6.0000    -0.2482     4.1605     4.1604     0.0001
 43   0     0.8133     1.0000     0.1867     0.9756     0.9756     0.0000
 44   0     0.8769     1.0000     0.1231     0.9593     0.9593     0.0000
 45   0     0.8781     1.0000     0.1219     0.9607     0.9607     0.0000
 46   0     0.8785     1.0000     0.1215     0.9605     0.9605     0.0000
 47   0     0.8766     1.0000     0.1234     0.9593     0.9593     0.0000
 48   0     5.3347     6.0000     0.6653     3.8641     3.8638     0.0003
 49   0     6.2571     6.0000    -0.2571     4.1720     4.1715     0.0005
 50   0     6.2587     6.0000    -0.2587     4.1978     4.1976     0.0002
 51   0     5.3941     6.0000     0.6059     3.7406     3.7400     0.0006
 52   0     6.2583     6.0000    -0.2583     4.1895     4.1893     0.0002
 53   0     6.2554     6.0000    -0.2554     4.1763     4.1757     0.0006
 54   0     0.8137     1.0000     0.1863     0.9757     0.9757     0.0000
 55   0     0.8771     1.0000     0.1229     0.9593     0.9593     0.0000
 56   0     0.8815     1.0000     0.1185     0.9613     0.9613     0.0000
 57   0     0.8787     1.0000     0.1213     0.9610     0.9610     0.0000
 58   0     0.8773     1.0000     0.1227     0.9593     0.9593     0.0000
 59   0     6.0656     6.0000    -0.0656     3.9068     3.9068     0.0000
 60   0     6.4961     6.0000    -0.4961     3.9089     3.9087     0.0002
 61   0     6.0661     6.0000    -0.0661     3.9072     3.9072     0.0000
 62   0     6.4947     6.0000    -0.4947     3.9085     3.9085     0.0000
      Bond orders larger than 0.1000000
           Atom A     A.N. of A          Atom B    A.N. of B              Bond order
                0             6               1            6                2.278502
                0             6               3            6                0.102385
                0             6              48            6                0.971198
                1             6               3            6                0.779399
                2             6               6            6                0.736294
                2             6              34            6                2.334009
                3             6               4            6                1.284343
                3             6               7            6                0.106367
                3             6               8            6                1.437493
                4             6               5            6                1.224510
                4             6               6            6                0.113940
                4             6              11            6                1.295657
                5             6               6            6                1.497067
                5             6               9            1                0.967810
                6             6               7            6                1.341680
                6             6               8            6                0.106863
                6             6              34            6                0.101338
                7             6               8            6                1.416583
                7             6              22            6                0.963321
                8             6              10            1                0.969719
               11             6              12            1                0.982264
               11             6              13            6                0.998398
               13             6              14            1                0.955975
               13             6              15            1                0.955864
               13             6              16            6                0.982030
               16             6              17            1                0.972238
               16             6              18            1                0.972107
               16             6              19            6                0.962564
               19             6              20            1                0.972776
               19             6              21            1                0.972799
               19             6              35            1                0.967196
               22             6              23            1                0.954951
               22             6              24            1                0.955197
               22             6              25            6                1.024053
               25             6              26            1                0.961431
               25             6              27            1                0.961513
               25             6              28            6                0.986386
               28             6              29            1                0.971697
               28             6              30            1                0.971699
               28             6              31            6                0.955313
               31             6              32            1                0.973117
               31             6              33            1                0.973123
               31             6              36            1                0.967062
               34             6              37            6                0.955973
               37             6              38            6                1.382303
               37             6              39            6                0.104774
               37             6              41            6                0.103439
               37             6              42            6                1.374249
               38             6              39            6                1.496125
               38             6              45            1                0.976389
               39             6              40            6                1.368314
               39             6              47            1                0.973622
               40             6              41            6                1.372244
               40             6              61            6                0.909244
               41             6              42            6                1.497505
               41             6              44            1                0.974771
               42             6              46            1                0.975563
               43             1              62            6                0.980777
               48             6              49            6                1.371184
               48             6              50            6                0.102708
               48             6              52            6                0.103608
               48             6              53            6                1.369372
               49             6              50            6                1.500061
               49             6              56            1                0.976263
               50             6              51            6                1.369412
               50             6              58            1                0.974556
               51             6              52            6                1.367637
               51             6              59            6                0.911286
               52             6              53            6                1.498645
               52             6              55            1                0.973742
               53             6              57            1                0.976715
               54             1              60            6                0.980973
               59             6              60            6                2.782198
               61             6              62            6                2.784132
# -----------------------------------------------------------
$ SCF_Electric_Properties
   description: The SCF Calculated Electric Properties
   geom. index: 6
   prop. index: 1
       Filename                          : opt_EPRII.scfp 
       Do Dipole Moment Calculation      : true 
       Do Quadrupole Moment Calculation  : false 
       Do Polarizability Calculation     : false 
** Dipole moment part of electric properties **
        Magnitude of dipole moment (Debye) :        0.4612091183
        Electronic Contribution:
                  0    
      0       0.309408
      1      -1.978903
      2       0.025984
        Nuclear Contribution:
                  0    
      0      -0.481650
      1       1.921838
      2      -0.026470
        Total Dipole moment:
                  0    
      0      -0.172242
      1      -0.057065
      2      -0.000487
# -------------------------------------------------------------
----------------------- !GEOMETRIES! ------------------------
# -------------------------------------------------------------
------------------------ !GEOMETRY! -------------------------
    Number of atoms:    63 
    Geometry Index:     1 
    Coordinates:
               0 C     12.367467774155   -0.026690246110   -0.004521350235
               1 C     11.143535976237   -0.068421462773   -0.003248744414
               2 C      5.470105333580   -0.000456434049   -0.000952993645
               3 C      9.724521636114   -0.088644923258   -0.002867467277
               4 C      8.990628204830   -1.335023623172   -0.006402857508
               5 C      7.570758790593   -1.236348737643   -0.005486769083
               6 C      6.897636524898   -0.011888627104   -0.001449761613
               7 C      7.634424377435    1.217415793498    0.002056119100
               8 C      9.026111819813    1.135701625300    0.001259440452
               9 H      6.974675430035   -2.149129889963   -0.008114281115
              10 H      9.619811852148    2.049653776251    0.003880510175
              11 C      9.646864547370   -2.583921114761   -0.010644532945
              12 H     10.739980962465   -2.573931967185   -0.011196977185
              13 C      8.960510064830   -3.917165479512   -0.014594216535
              14 H      8.287887155683   -4.000131671582    0.864048230427
              15 H      8.286467775056   -3.994222828846   -0.892681315446
              16 C      9.932017337697   -5.104805455655   -0.019412517119
              17 H     10.591663871685   -5.026394182315   -0.902867612821
              18 H     10.593458518957   -5.032110393233    0.863188580755
              19 C      9.223189418520   -6.460464694537   -0.023106295524
              20 H      8.579052459663   -6.573687214370   -0.912247989166
              21 H      8.580972060275   -6.579530417198    0.866660442123
              22 C      6.888617364340    2.535280059528    0.006627924051
              23 H      6.209491697386    2.550133717262   -0.866458470441
              24 H      6.212354893671    2.545704454946    0.882021496573
              25 C      7.733771363334    3.811741268029    0.008515311585
              26 H      8.398338825491    3.820952737061    0.891977274741
              27 H      8.396097086056    3.824966510159   -0.876583914698
              28 C      6.878226520906    5.084571675017    0.012530713917
              29 H      6.210709064323    5.076757523105   -0.869130173305
              30 H      6.212979973929    5.072747579082    0.895864868505
              31 C      7.710095370054    6.369491221251    0.014396682645
              32 H      8.360072167169    6.427193433935   -0.875760813684
              33 H      8.362496710182    6.423053491770    0.903036210617
              34 C      4.247577439115    0.004947974304    0.000113143677
              35 H      9.945335644622   -7.292651731598   -0.026625620084
              36 H      7.068970335216    7.265889977810    0.017358621169
              37 C      2.821946092879    0.006500021540    0.000494144382
              38 C      2.097893178844   -1.206838044889   -0.000235384021
              39 C      0.707780224294   -1.204952471727    0.000050430983
              40 C     -0.010740746200    0.009503621246    0.001090767964
              41 C      0.710352335428    1.222515449398    0.001863661615
              42 C      2.100373178174    1.221344768690    0.001582375612
              43 H     -3.729592330411    0.014614255088    0.001756310094
              44 H      0.163384301872    2.167010313994    0.002651100875
              45 H      2.643819508640   -2.151875907502   -0.001020892558
              46 H      2.647985654005    2.165427412302    0.002150246224
              47 H      0.158864307141   -2.148310457458   -0.000515406728
              48 C     13.789722281587    0.031477065098   -0.005117720114
              49 C     14.565302091287   -1.150710626352   -0.007167949266
              50 C     15.953740111523   -1.090711779698   -0.007603188507
              51 C     16.621352653983    0.152770168243   -0.006014295189
              52 C     15.849687353472    1.334609651280   -0.003972181752
              53 C     14.461312006784    1.275873190478   -0.003523846722
              54 H     20.336529760215    0.314151415808   -0.006977095003
              55 H     16.356949237705    2.301039831167   -0.002743152264
              56 H     14.060641145932   -2.118439075503   -0.008361001928
              57 H     13.874663141583    2.196191557252   -0.001938799238
              58 H     16.541337320896   -2.010508710476   -0.009127138306
              59 C     18.050568194212    0.214344033341   -0.006425444874
              60 C     19.265095398127    0.266906468238   -0.006700035367
              61 C     -1.441544696379    0.011219976397    0.001350274060
              62 C     -2.657086653427    0.013045420597    0.001569663358
------------------------ !GEOMETRY! -------------------------
    Number of atoms:    63 
    Geometry Index:     2 
    Coordinates:
               0 C     12.372601694638   -0.026547432185   -0.004339227885
               1 C     11.145752643503   -0.067041669333   -0.003129603344
               2 C      5.463502985338   -0.001409058893   -0.000803781630
               3 C      9.724478574844   -0.087013570174   -0.002798031311
               4 C      8.990262634767   -1.335849922838   -0.006352705387
               5 C      7.567551464514   -1.239042075501   -0.005355783887
               6 C      6.893235554078   -0.012223733146   -0.001359182345
               7 C      7.630290013288    1.220097771823    0.002008166048
               8 C      9.024793207189    1.139575575024    0.001200376135
               9 H      6.975629563444   -2.147847265102   -0.007915313555
              10 H      9.614470171105    2.049405580824    0.003721797141
              11 C      9.650529981351   -2.586388538442   -0.010789560670
              12 H     10.737641272116   -2.574761460334   -0.011584626877
              13 C      8.965849063468   -3.924752476132   -0.014623794067
              14 H      8.299241786101   -4.009775147881    0.859771595796
              15 H      8.297035775874   -4.003662614156   -0.887900950158
              16 C      9.942540865311   -5.112879374460   -0.020064384749
              17 H     10.596910966855   -5.034209486067   -0.898666172127
              18 H     10.599533404391   -5.040136747382    0.857092583635
              19 C      9.234191343545   -6.474026592160   -0.023626812058
              20 H      8.594312266611   -6.586958846153   -0.906848973377
              21 H      8.597072558417   -6.593022502485    0.860795615725
              22 C      6.882469498024    2.540464834578    0.006451819832
              23 H      6.208414068230    2.556077237999   -0.862458661203
              24 H      6.211188445547    2.551806946351    0.877595544151
              25 C      7.731325701159    3.818715224168    0.008254600103
              26 H      8.391548260275    3.827818427833    0.886772884512
              27 H      8.389281971546    3.831721732262   -0.871918765504
              28 C      6.875526492057    5.095832007717    0.012230785999
              29 H      6.212734016730    5.089395333940   -0.864393884246
              30 H      6.215034431836    5.085496900047    0.890554310062
              31 C      7.711680550280    6.383495235035    0.014014013310
              32 H      8.357210913951    6.439038928292   -0.870463910919
              33 H      8.359715532326    6.434965877033    0.896904166759
              34 C      4.238181187080    0.004761017937    0.000305831605
              35 H      9.953401762648   -7.299807167668   -0.027586821329
              36 H      7.075943497160    7.275402743277    0.016970216383
              37 C      2.809490710151    0.006794997455    0.000744282799
              38 C      2.083645339930   -1.209737615084   -0.000112521373
              39 C      0.689795317666   -1.207679255800    0.000198553652
              40 C     -0.029864198559    0.010220593301    0.001376292578
              41 C      0.692725766673    1.226477007356    0.002251918977
              42 C      2.086513572599    1.225050866041    0.001949455060
              43 H     -3.749500657437    0.015612619967    0.002096696305
              44 H      0.148339617190    2.166071953663    0.003150519385
              45 H      2.627110635641   -2.149805264792   -0.001025600333
              46 H      2.631875868204    2.163966291407    0.002604714747
              47 H      0.143162339408   -2.145970044300   -0.000470762827
              48 C     13.798001804138    0.030535448728   -0.004868709514
              49 C     14.574308958135   -1.155509691822   -0.006676978869
              50 C     15.966519430707   -1.096505314131   -0.007058325512
              51 C     16.636314197860    0.149860942986   -0.005671609728
              52 C     15.864171615377    1.335626534114   -0.003915203635
              53 C     14.472007194099    1.277779284547   -0.003516580809
              54 H     20.352416133469    0.308066982448   -0.006522165903
              55 H     16.369949729240    2.296594533678   -0.002860798622
              56 H     14.070924850501   -2.117610951123   -0.007719077937
              57 H     13.888593892498    2.193584345236   -0.002149766017
              58 H     16.550784664069   -2.011864974531   -0.008405635531
              59 C     18.068803494921    0.210344521916   -0.006039834383
              60 C     19.287785897890    0.262077869145   -0.006279152511
              61 C     -1.463900964299    0.012085522037    0.001657622321
              62 C     -2.683847929665    0.013996373909    0.001895647112
------------------------ !GEOMETRY! -------------------------
    Number of atoms:    63 
    Geometry Index:     3 
    Coordinates:
               0 C     12.372657493134   -0.025775774563   -0.004288186117
               1 C     11.145296169813   -0.065378855205   -0.003182379557
               2 C      5.461914073015   -0.003055612797   -0.000759704025
               3 C      9.723528991264   -0.085612995275   -0.002939016576
               4 C      8.990123813991   -1.335212954458   -0.006435217128
               5 C      7.566772266097   -1.240698419942   -0.005345418193
               6 C      6.892136845200   -0.013379777140   -0.001401642509
               7 C      7.628126368852    1.219940196650    0.001837541575
               8 C      9.023352386534    1.141340102386    0.001003684172
               9 H      6.976222185240   -2.150067379015   -0.007809496658
              10 H      9.611691878471    2.051682957660    0.003464839465
              11 C      9.652530990707   -2.585411974959   -0.010968743887
              12 H     10.739251686379   -2.573257395415   -0.011969236645
              13 C      8.967425498364   -3.925194102873   -0.014635076828
              14 H      8.303601163364   -4.011255490796    0.860562576129
              15 H      8.300463888006   -4.004892203180   -0.888040036199
              16 C      9.947602119522   -5.112264460777   -0.020781061075
              17 H     10.599822896007   -5.033684960874   -0.899991096849
              18 H     10.603431718347   -5.039866986853    0.856277423431
              19 C      9.238124563055   -6.475009139454   -0.024142235602
              20 H      8.598607462713   -6.586655617850   -0.907019338527
              21 H      8.602376499649   -6.592983603051    0.860634040458
              22 C      6.878604558858    2.540425524222    0.006177011950
              23 H      6.206580529487    2.556518650016   -0.863272736912
              24 H      6.209305877204    2.552360856840    0.877812777969
              25 C      7.730832131768    3.818093484283    0.007900538154
              26 H      8.389634098982    3.826986295407    0.886528605951
              27 H      8.387296477429    3.830835202453   -0.872433643875
              28 C      6.874159954979    5.096363147402    0.011870969548
              29 H      6.212966968401    5.091023268698   -0.864963525121
              30 H      6.215352794926    5.087189274785    0.890468846944
              31 C      7.713845039034    6.383997544099    0.013560609639
              32 H      8.358505896792    6.437129984101   -0.870943167581
              33 H      8.361158473764    6.433074229850    0.896358888830
              34 C      4.236120985950    0.004072969086    0.000414393270
              35 H      9.957907766993   -7.299611008926   -0.028630073264
              36 H      7.079087698461    7.275951155305    0.016558595785
              37 C      2.806827437297    0.006788944164    0.000937589474
              38 C      2.080809801551   -1.210468916926    0.000030437334
              39 C      0.686111758852   -1.207924808070    0.000436968013
              40 C     -0.032635181102    0.011288712621    0.001765629326
              41 C      0.689968447878    1.228304239278    0.002702613207
              42 C      2.084618288396    1.226300307106    0.002306163549
              43 H     -3.753751060406    0.017923377688    0.002754816457
              44 H      0.145768306659    2.167614037312    0.003725734221
              45 H      2.624214915686   -2.150189846238   -0.000998478171
              46 H      2.630606118532    2.164473714059    0.003012518885
              47 H      0.138923756116   -2.145499093641   -0.000274274926
              48 C     13.798708133448    0.030653526365   -0.004704527168
              49 C     14.574194618792   -1.156752658248   -0.006195186213
              50 C     15.967279851494   -1.098372970917   -0.006435605026
              51 C     16.637141051283    0.148721880788   -0.005213552416
              52 C     15.865954830469    1.335901670587   -0.003761163559
              53 C     14.472908389808    1.278583660216   -0.003507813328
              54 H     20.354802802309    0.305129704311   -0.005629349974
              55 H     16.372338775273    2.296164210584   -0.002825023842
              56 H     14.070015392830   -2.118059914478   -0.007099172390
              57 H     13.889606726863    2.194067321328   -0.002371029960
              58 H     16.551344316353   -2.013457381162   -0.007543863398
              59 C     18.070303605730    0.208527713746   -0.005413819623
              60 C     19.289897486426    0.259705340328   -0.005511187417
              61 C     -1.467318033244    0.013667222864    0.002150785707
              62 C     -2.687849348041    0.015973146495    0.002476821093
------------------------ !GEOMETRY! -------------------------
    Number of atoms:    63 
    Geometry Index:     4 
    Coordinates:
               0 C     12.372537771947   -0.025517813722   -0.004113661515
               1 C     11.145101971976   -0.064147536209   -0.003066252377
               2 C      5.462010176947   -0.004905516901   -0.000595201475
               3 C      9.723174366037   -0.084793593785   -0.002845755319
               4 C      8.990710443673   -1.334847747233   -0.006311102333
               5 C      7.567169322464   -1.242282268656   -0.005154541217
               6 C      6.892415705849   -0.014858045672   -0.001277021237
               7 C      7.627175558277    1.219031319119    0.001816201908
               8 C      9.022708622394    1.142107890301    0.000991374878
               9 H      6.977683424718   -2.152334362390   -0.007530638357
              10 H      9.610052329209    2.053053185063    0.003371167541
              11 C      9.654691238720   -2.584519850080   -0.010920176369
              12 H     10.741384615088   -2.572148554454   -0.012049561539
              13 C      8.969093557437   -3.924968705420   -0.014465798801
              14 H      8.307600644874   -4.011822220811    0.862146019182
              15 H      8.303301292745   -4.005032789172   -0.888450423196
              16 C      9.951566154765   -5.111076694514   -0.021565529868
              17 H     10.601968895970   -5.032637169769   -0.901984454820
              18 H     10.606811385996   -5.039248777008    0.855829334467
              19 C      9.241112950776   -6.474568688032   -0.024753310110
              20 H      8.601454333280   -6.584699251691   -0.907681668852
              21 H      8.606482295604   -6.591463111123    0.860932051390
              22 C      6.875730133851    2.539181244928    0.005977806931
              23 H      6.205197763474    2.555146027549   -0.864407864941
              24 H      6.207799835987    2.551162867450    0.878443165507
              25 C      7.728949316223    3.817149344578    0.007616988544
              26 H      8.386623798340    3.826718474445    0.886904699588
              27 H      8.384290774207    3.830444259571   -0.873368524589
              28 C      6.870371707170    5.095047851515    0.011490434677
              29 H      6.210375800249    5.089853561728   -0.866091037971
              30 H      6.212785027962    5.086164125138    0.890849796577
              31 C      7.711211352669    6.383217074654    0.013059104231
              32 H      8.355288784801    6.434843829819   -0.871932957957
              33 H      8.358038883425    6.430882496644    0.896265052747
              34 C      4.236176265034    0.003600448683    0.000598203109
              35 H      9.961619254661   -7.298611258602   -0.029950848845
              36 H      7.075834016882    7.274779095436    0.016041664814
              37 C      2.806702477123    0.007322316867    0.001159315455
              38 C      2.080432687455   -1.209874623832    0.000442400388
              39 C      0.685506228341   -1.206463287134    0.000878276329
              40 C     -0.031798260095    0.013659462787    0.002042414590
              41 C      0.690946787643    1.230634093960    0.002780374771
              42 C      2.085835370600    1.227684065220    0.002356902505
              43 H     -3.753270302239    0.022554862869    0.003085209613
              44 H      0.146997703039    2.170117376926    0.003671126863
              45 H      2.623716800585   -2.149703854328   -0.000461729683
              46 H      2.632887583872    2.165279205684    0.002908484540
              47 H      0.137318712370   -2.143481903514    0.000315580028
              48 C     13.798812531462    0.030335443744   -0.004469668866
              49 C     14.573282038767   -1.157803210203   -0.005991309362
              50 C     15.966621903540   -1.099988121583   -0.006172574079
              51 C     16.636300706398    0.147259251442   -0.004857667723
              52 C     15.866230254873    1.335210941657   -0.003390068479
              53 C     14.472923144808    1.278382211991   -0.003198880188
              54 H     20.354391307225    0.302037989243   -0.005113578246
              55 H     16.373349028927    2.295111823345   -0.002393679521
              56 H     14.068196599728   -2.118672851737   -0.006960313233
              57 H     13.889483368186    2.193817504159   -0.002050917095
              58 H     16.550742065217   -2.015064905344   -0.007303163448
              59 C     18.069708347748    0.206457667101   -0.004995843793
              60 C     19.289365100754    0.257137124845   -0.005041637961
              61 C     -1.466699060158    0.016949337799    0.002448592489
              62 C     -2.687271499848    0.019982206657    0.002791959709
------------------------ !GEOMETRY! -------------------------
    Number of atoms:    63 
    Geometry Index:     5 
    Coordinates:
               0 C     12.372477278651   -0.025564166799   -0.004043727651
               1 C     11.145108311434   -0.063564188667   -0.003069865293
               2 C      5.462410486358   -0.006101858143   -0.000536156714
               3 C      9.723182164934   -0.084590032318   -0.002890939397
               4 C      8.991258943335   -1.334843078510   -0.006276182595
               5 C      7.567732139691   -1.243071618187   -0.005081284538
               6 C      6.892844466399   -0.015775139597   -0.001272878285
               7 C      7.626983000312    1.218294827701    0.001727313785
               8 C      9.022534679446    1.142093682545    0.000892147355
               9 H      6.978720658137   -2.153451795304   -0.007366870926
              10 H      9.609458723460    2.053360957697    0.003224474567
              11 C      9.655843715810   -2.584219160016   -0.010864547353
              12 H     10.742559791653   -2.571810514015   -0.012028956621
              13 C      8.970174739958   -3.924792659862   -0.014291222983
              14 H      8.309853979394   -4.011974557210    0.863209232652
              15 H      8.304485458476   -4.004812667419   -0.888387372490
              16 C      9.953131567142   -5.110616650600   -0.022252451725
              17 H     10.602540051951   -5.032194280370   -0.903463622998
              18 H     10.608515520267   -5.039174403868    0.855129984469
              19 C      9.242440256750   -6.474250964712   -0.025261026112
              20 H      8.602375991137   -6.583602206371   -0.908054871792
              21 H      8.608556861032   -6.590736038034    0.861076124640
              22 C      6.874713020676    2.538126540085    0.005786238049
              23 H      6.204716177730    2.553851111207   -0.865045191675
              24 H      6.207239350556    2.549970598729    0.878630654306
              25 C      7.727523101035    3.816522754942    0.007380642000
              26 H      8.384760370099    3.826633588322    0.887043546902
              27 H      8.382442536774    3.830279947257   -0.873966077621
              28 C      6.868014095878    5.093896790227    0.011185072685
              29 H      6.208443842681    5.088513693805   -0.866776097278
              30 H      6.210867625230    5.084926812899    0.890933010318
              31 C      7.708604320821    6.382487393510    0.012669730946
              32 H      8.352427244609    6.433714746804   -0.872595546965
              33 H      8.355241839228    6.429825954372    0.896097404134
              34 C      4.236663372872    0.003423965751    0.000689721337
              35 H      9.963255096325   -7.298114598551   -0.031097204916
              36 H      7.072564968348    7.273656592668    0.015637679726
              37 C      2.807191667413    0.007776558692    0.001301958708
              38 C      2.080648912498   -1.209110563132    0.000522439803
              39 C      0.685789188312   -1.205099455674    0.001014653252
              40 C     -0.030685595194    0.015359068083    0.002302247767
              41 C      0.692300971819    1.232025988392    0.003112155163
              42 C      2.087128907033    1.228448559326    0.002630613838
              43 H     -3.752083025849    0.025798677541    0.003500945533
              44 H      0.148562417335    2.171688146463    0.004102291139
              45 H      2.623790386464   -2.149082480109   -0.000475441747
              46 H      2.634839520125    2.165719643646    0.003237558095
              47 H      0.136968037700   -2.141804146484    0.000402460654
              48 C     13.798766914437    0.030092279132   -0.004323488513
              49 C     14.572802513949   -1.158167022199   -0.005545748782
              50 C     15.966087807482   -1.100550444035   -0.005637721403
              51 C     16.635636020947    0.146613087458   -0.004529845698
              52 C     15.866025992395    1.334696336613   -0.003352677966
              53 C     14.472771827795    1.278040970123   -0.003249012538
              54 H     20.353681824155    0.300802155093   -0.004522739200
              55 H     16.373478372881    2.294476872792   -0.002509000497
              56 H     14.067309319541   -2.118882184290   -0.006353878074
              57 H     13.889183242488    2.193443068014   -0.002323161405
              58 H     16.550320333561   -2.015614104004   -0.006538226160
              59 C     18.069062315971    0.205598751481   -0.004566194701
              60 C     19.288627361262    0.256116484791   -0.004526542410
              61 C     -1.465592929471    0.019272091634    0.002768725875
              62 C     -2.686066653640    0.022801550687    0.003163087322
------------------------ !GEOMETRY! -------------------------
    Number of atoms:    63 
    Geometry Index:     6 
    Coordinates:
               0 C     12.372489075010   -0.025693837847   -0.003888527907
               1 C     11.145150072305   -0.063214537610   -0.002922168549
               2 C      5.462565114337   -0.006914178765   -0.000347425020
               3 C      9.723233011566   -0.084547305178   -0.002709600446
               4 C      8.991612251095   -1.334936747099   -0.006043726007
               5 C      7.568096126190   -1.243467485655   -0.004816243108
               6 C      6.893004215606   -0.016324662728   -0.001072019610
               7 C      7.626848525822    1.217846155307    0.001814918433
               8 C      9.022388287355    1.141946880020    0.000985317029
               9 H      6.979314157205   -2.154004073972   -0.007037261741
              10 H      9.609097410477    2.053376315526    0.003244313443
              11 C      9.656443993724   -2.584160852877   -0.010623066164
              12 H     10.743169292653   -2.571698892474   -0.011789857614
              13 C      8.970917597535   -3.924774822557   -0.013973098149
              14 H      8.311312694559   -4.012213016997    0.864082707811
              15 H      8.304814342370   -4.004598687316   -0.887803653557
              16 C      9.953853298492   -5.110549977894   -0.022881264942
              17 H     10.602571119225   -5.031956556888   -0.904621623580
              18 H     10.609736747247   -5.039379600076    0.854188510012
              19 C      9.243242732444   -6.474227389348   -0.025746626388
              20 H      8.602628004357   -6.583207971535   -0.908211363368
              21 H      8.610015767236   -6.590784027547    0.861075076021
              22 C      6.874312289358    2.537487657475    0.005733731339
              23 H      6.204451512681    2.553006869555   -0.865237161532
              24 H      6.206906612555    2.549284745817    0.878660837689
              25 C      7.726669404354    3.816139166978    0.007239391614
              26 H      8.383785735921    3.826555705234    0.887030556596
              27 H      8.381499640241    3.830051845663   -0.874212585861
              28 C      6.866889232592    5.093260240091    0.010916337861
              29 H      6.207410884848    5.087681107380   -0.867152268158
              30 H      6.209834091721    5.084269222428    0.890771640935
              31 C      7.707141002886    6.382065163491    0.012271339871
              32 H      8.350873676636    6.433206095376   -0.873088422415
              33 H      8.353722523969    6.429474370624    0.895760155388
              34 C      4.236865641457    0.003381970423    0.000852782032
              35 H      9.964185660815   -7.297992358387   -0.032278671806
              36 H      7.070769876169    7.273014353376    0.015171927851
              37 C      2.807402548046    0.008083673269    0.001449695123
              38 C      2.080608659966   -1.208579312481    0.000891531952
              39 C      0.685809156433   -1.204208394145    0.001357782106
              40 C     -0.030286492974    0.016401440779    0.002393977615
              41 C      0.692949536404    1.232841423856    0.002975862241
              42 C      2.087721733872    1.228899937152    0.002522274591
              43 H     -3.751620223568    0.027739293336    0.003501541992
              44 H      0.149364264638    2.172612816506    0.003768109259
              45 H      2.623628578321   -2.148641726106    0.000084804479
              46 H      2.635779729708    2.165988098486    0.002951626722
              47 H      0.136645152595   -2.140732270674    0.000917130601
              48 C     13.798774544536    0.029931174122   -0.004164453010
              49 C     14.572712896423   -1.158309558021   -0.005597460743
              50 C     15.965943171975   -1.100728856002   -0.005684870661
              51 C     16.635454259171    0.146380790902   -0.004360676942
              52 C     15.865939749691    1.334445863380   -0.002980654413
              53 C     14.472740968027    1.277822077652   -0.002884073044
              54 H     20.353445574249    0.300447543086   -0.004354533039
              55 H     16.373507282065    2.294185149652   -0.001976530368
              56 H     14.067079691136   -2.118971250400   -0.006570421586
              57 H     13.889053808746    2.193181194680   -0.001801425600
              58 H     16.550261011151   -2.015758726444   -0.006745693020
              59 C     18.068873574804    0.205328980974   -0.004397084894
              60 C     19.288393907463    0.255839251431   -0.004358512994
              61 C     -1.465182536397    0.020681277201    0.002825563899
              62 C     -2.685610769494    0.024498495795    0.003189921735
