-------------------------------------------------------------
----------------------- !PROPERTIES! ------------------------
-------------------------------------------------------------
# -----------------------------------------------------------
$ PAL_Flags
   description: The PAL Flags
   geom. index: 1
   prop. index: 1
        Diskflag:     2
# -----------------------------------------------------------
$ SCF_Energy
   description: The SCF energy
   geom. index: 1
   prop. index: 1
        SCF Energy:     -739.7696908114
# -----------------------------------------------------------
$ DFT_Energy
   description: The DFT energy
   geom. index: 1
   prop. index: 1
   Number of Alpha Electrons                 71.0001198298 
   Number of Beta  Electrons                 70.0001307103 
   Total number of  Electrons               141.0002505401 
   Exchange energy                          -85.5512296938 
   Correlation energy                        -5.4167298123 
   Correlation energy NL                      0.0000000000 
   Exchange-Correlation energy              -90.9679595061 
   Embedding correction                       0.0000000000 
   Total DFT Energy (No VdW correction)    -739.7696908114 
# -----------------------------------------------------------
$ Mayer_Pop
   description: The Mayer population analysis
   geom. index: 1
   prop. index: 1
     Number of atoms                     : 46
     Threshold for printing              : 0.1000000
     Number of bond orders printed       : 50
  NA   - Mulliken gross atomic population
  ZA   - Total nuclear charge
  QA   - Mulliken gross atomic charge
  VA   - Mayer's total valence
  BVA  - Mayer's bonded valence
  FA   - Mayer's free valence
  ATOM       NA         ZA         QA         VA         BVA        FA
  0   0     5.9983     6.0000     0.0017     3.8183     3.8183     0.0000
  1   0     6.3325     6.0000    -0.3325     4.2469     4.2469     0.0000
  2   0     5.4886     6.0000     0.5114     3.7492     3.7492     0.0000
  3   0     6.4442     6.0000    -0.4442     4.3284     4.3284     0.0000
  4   0     5.5767     6.0000     0.4233     3.9430     3.9430     0.0000
  5   0     5.7163     6.0000     0.2837     3.8546     3.8546     0.0000
  6   0     6.2426     6.0000    -0.2426     4.1971     4.1971     0.0000
  7   0     0.8712     1.0000     0.1288     0.9651     0.9651    -0.0000
  8   0     0.8863     1.0000     0.1137     0.9697     0.9697     0.0000
  9   0     6.3953     6.0000    -0.3953     4.0129     4.0129     0.0000
 10   0     0.8550     1.0000     0.1450     0.9650     0.9650     0.0000
 11   0     0.8532     1.0000     0.1468     0.9645     0.9645     0.0000
 12   0     6.2600     6.0000    -0.2600     4.0152     4.0152     0.0000
 13   0     0.8584     1.0000     0.1416     0.9666     0.9666     0.0000
 14   0     0.8599     1.0000     0.1401     0.9669     0.9669     0.0000
 15   0     6.2559     6.0000    -0.2559     3.8919     3.8919     0.0000
 16   0     0.8599     1.0000     0.1401     0.9679     0.9679     0.0000
 17   0     0.8597     1.0000     0.1403     0.9678     0.9678     0.0000
 18   0     6.5071     6.0000    -0.5071     3.9002     3.9002     0.0000
 19   0     0.8422     1.0000     0.1578     0.9658     0.9658     0.0000
 20   0     0.8421     1.0000     0.1579     0.9657     0.9657     0.0000
 21   0     6.3878     6.0000    -0.3878     4.0412     4.0412    -0.0000
 22   0     0.8446     1.0000     0.1554     0.9626     0.9626     0.0000
 23   0     0.8447     1.0000     0.1553     0.9626     0.9626     0.0000
 24   0     6.2691     6.0000    -0.2691     3.9800     3.9800     0.0000
 25   0     0.8591     1.0000     0.1409     0.9680     0.9680     0.0000
 26   0     0.8591     1.0000     0.1409     0.9680     0.9680     0.0000
 27   0     6.2857     6.0000    -0.2857     3.9483     3.9483    -0.0000
 28   0     0.8575     1.0000     0.1425     0.9693     0.9693     0.0000
 29   0     0.8572     1.0000     0.1428     0.9692     0.9692     0.0000
 30   0     6.2810     6.0000    -0.2810     3.9351     3.9350     0.0001
 31   0     0.8558     1.0000     0.1442     0.9699     0.9699     0.0000
 32   0     0.8559     1.0000     0.1441     0.9699     0.9699     0.0000
 33   0     6.3017     6.0000    -0.3017     3.9103     3.9055     0.0048
 34   0     0.8446     1.0000     0.1554     0.9668     0.9668     0.0000
 35   0     0.8446     1.0000     0.1554     0.9668     0.9668     0.0000
 36   0     6.2227     6.0000    -0.2227     3.8817     3.8797     0.0020
 37   0     0.8533     1.0000     0.1467     0.9686     0.9684     0.0002
 38   0     0.8533     1.0000     0.1467     0.9687     0.9685     0.0002
 39   0     6.4319     6.0000    -0.4319     3.8505     2.9904     0.8601
 40   0     0.8346     1.0000     0.1654     0.9704     0.9684     0.0020
 41   0     0.8346     1.0000     0.1654     0.9704     0.9684     0.0020
 42   0     6.5414     6.0000    -0.5414     3.8944     3.8944     0.0000
 43   0     0.8201     1.0000     0.1799     0.9774     0.9774     0.0000
 44   0     0.8571     1.0000     0.1429     0.9670     0.9670     0.0000
 45   0     0.8973     1.0000     0.1027     0.9602     0.9602     0.0000
      Bond orders larger than 0.1000000
           Atom A     A.N. of A          Atom B    A.N. of B              Bond order
                0             6               4            6                0.916003
                0             6              42            6                2.695515
                1             6               2            6                1.369263
                1             6               3            6                0.120778
                1             6               5            6                0.105354
                1             6               6            6                1.484698
                1             6              45            1                0.982882
                2             6               3            6                1.446799
                2             6               4            6                0.107698
                2             6               9            6                0.897521
                3             6               4            6                1.424424
                3             6               7            1                0.981990
                4             6               5            6                1.382515
                4             6               6            6                0.109907
                5             6               6            6                1.424593
                5             6              21            6                0.945075
                6             6               8            1                0.978690
                9             6              10            1                0.969173
                9             6              11            1                0.968020
                9             6              12            6                1.020365
               12             6              13            1                0.962964
               12             6              14            1                0.961413
               12             6              15            6                0.984146
               15             6              16            1                0.972363
               15             6              17            1                0.972090
               15             6              18            6                0.956221
               18             6              19            1                0.972013
               18             6              20            1                0.971841
               18             6              44            1                0.968523
               21             6              22            1                0.958440
               21             6              23            1                0.958703
               21             6              24            6                1.002959
               24             6              25            1                0.962028
               24             6              26            1                0.962100
               24             6              27            6                0.974351
               27             6              28            1                0.975844
               27             6              29            1                0.976007
               27             6              30            6                0.970872
               30             6              31            1                0.980368
               30             6              32            1                0.980254
               30             6              33            6                0.956579
               33             6              34            1                0.978819
               33             6              35            1                0.978728
               33             6              36            6                0.936763
               36             6              37            1                0.977500
               36             6              38            1                0.977586
               36             6              39            6                0.974967
               39             6              40            1                0.973465
               39             6              41            1                0.973465
               42             6              43            1                0.984137
# -----------------------------------------------------------
$ PAL_Flags
   description: The PAL Flags
   geom. index: 2
   prop. index: 1
        Diskflag:     2
# -----------------------------------------------------------
$ SCF_Energy
   description: The SCF energy
   geom. index: 2
   prop. index: 1
        SCF Energy:     -739.7707916253
# -----------------------------------------------------------
$ DFT_Energy
   description: The DFT energy
   geom. index: 2
   prop. index: 1
   Number of Alpha Electrons                 71.0001173571 
   Number of Beta  Electrons                 70.0001289171 
   Total number of  Electrons               141.0002462742 
   Exchange energy                          -85.5755322290 
   Correlation energy                        -5.4174672913 
   Correlation energy NL                      0.0000000000 
   Exchange-Correlation energy              -90.9929995203 
   Embedding correction                       0.0000000000 
   Total DFT Energy (No VdW correction)    -739.7707916253 
# -----------------------------------------------------------
$ PAL_Flags
   description: The PAL Flags
   geom. index: 3
   prop. index: 1
        Diskflag:     2
# -----------------------------------------------------------
$ SCF_Energy
   description: The SCF energy
   geom. index: 3
   prop. index: 1
        SCF Energy:     -739.7708493184
# -----------------------------------------------------------
$ DFT_Energy
   description: The DFT energy
   geom. index: 3
   prop. index: 1
   Number of Alpha Electrons                 71.0001193770 
   Number of Beta  Electrons                 70.0001305261 
   Total number of  Electrons               141.0002499031 
   Exchange energy                          -85.5741504265 
   Correlation energy                        -5.4172321665 
   Correlation energy NL                      0.0000000000 
   Exchange-Correlation energy              -90.9913825929 
   Embedding correction                       0.0000000000 
   Total DFT Energy (No VdW correction)    -739.7708493184 
# -----------------------------------------------------------
$ PAL_Flags
   description: The PAL Flags
   geom. index: 4
   prop. index: 1
        Diskflag:     2
# -----------------------------------------------------------
$ SCF_Energy
   description: The SCF energy
   geom. index: 4
   prop. index: 1
        SCF Energy:     -739.7708634486
# -----------------------------------------------------------
$ DFT_Energy
   description: The DFT energy
   geom. index: 4
   prop. index: 1
   Number of Alpha Electrons                 71.0001193815 
   Number of Beta  Electrons                 70.0001302946 
   Total number of  Electrons               141.0002496761 
   Exchange energy                          -85.5720166987 
   Correlation energy                        -5.4170493274 
   Correlation energy NL                      0.0000000000 
   Exchange-Correlation energy              -90.9890660261 
   Embedding correction                       0.0000000000 
   Total DFT Energy (No VdW correction)    -739.7708634486 
# -----------------------------------------------------------
$ PAL_Flags
   description: The PAL Flags
   geom. index: 5
   prop. index: 1
        Diskflag:     2
# -----------------------------------------------------------
$ SCF_Energy
   description: The SCF energy
   geom. index: 5
   prop. index: 1
        SCF Energy:     -739.7708653669
# -----------------------------------------------------------
$ DFT_Energy
   description: The DFT energy
   geom. index: 5
   prop. index: 1
   Number of Alpha Electrons                 71.0001185812 
   Number of Beta  Electrons                 70.0001295023 
   Total number of  Electrons               141.0002480835 
   Exchange energy                          -85.5717221585 
   Correlation energy                        -5.4170355117 
   Correlation energy NL                      0.0000000000 
   Exchange-Correlation energy              -90.9887576702 
   Embedding correction                       0.0000000000 
   Total DFT Energy (No VdW correction)    -739.7708653669 
# -----------------------------------------------------------
$ PAL_Flags
   description: The PAL Flags
   geom. index: 6
   prop. index: 1
        Diskflag:     2
# -----------------------------------------------------------
$ SCF_Energy
   description: The SCF energy
   geom. index: 6
   prop. index: 1
        SCF Energy:     -739.7708659612
# -----------------------------------------------------------
$ DFT_Energy
   description: The DFT energy
   geom. index: 6
   prop. index: 1
   Number of Alpha Electrons                 71.0001181327 
   Number of Beta  Electrons                 70.0001290996 
   Total number of  Electrons               141.0002472323 
   Exchange energy                          -85.5718435438 
   Correlation energy                        -5.4170498918 
   Correlation energy NL                      0.0000000000 
   Exchange-Correlation energy              -90.9888934356 
   Embedding correction                       0.0000000000 
   Total DFT Energy (No VdW correction)    -739.7708659612 
# -----------------------------------------------------------
$ Mayer_Pop
   description: The Mayer population analysis
   geom. index: 6
   prop. index: 1
     Number of atoms                     : 46
     Threshold for printing              : 0.1000000
     Number of bond orders printed       : 50
  NA   - Mulliken gross atomic population
  ZA   - Total nuclear charge
  QA   - Mulliken gross atomic charge
  VA   - Mayer's total valence
  BVA  - Mayer's bonded valence
  FA   - Mayer's free valence
  ATOM       NA         ZA         QA         VA         BVA        FA
  0   0     6.0040     6.0000    -0.0040     3.8163     3.8163     0.0000
  1   0     6.3308     6.0000    -0.3308     4.2390     4.2390     0.0000
  2   0     5.5002     6.0000     0.4998     3.7531     3.7531     0.0000
  3   0     6.4382     6.0000    -0.4382     4.3182     4.3182     0.0000
  4   0     5.5796     6.0000     0.4204     3.9253     3.9253     0.0000
  5   0     5.7244     6.0000     0.2756     3.8534     3.8534     0.0000
  6   0     6.2404     6.0000    -0.2404     4.1894     4.1894     0.0000
  7   0     0.8694     1.0000     0.1306     0.9646     0.9646    -0.0000
  8   0     0.8845     1.0000     0.1155     0.9692     0.9692     0.0000
  9   0     6.3975     6.0000    -0.3975     4.0088     4.0088     0.0000
 10   0     0.8524     1.0000     0.1476     0.9643     0.9643     0.0000
 11   0     0.8505     1.0000     0.1495     0.9638     0.9638     0.0000
 12   0     6.2657     6.0000    -0.2657     4.0108     4.0108     0.0000
 13   0     0.8552     1.0000     0.1448     0.9659     0.9659     0.0000
 14   0     0.8572     1.0000     0.1428     0.9664     0.9664     0.0000
 15   0     6.2646     6.0000    -0.2646     3.8910     3.8910     0.0000
 16   0     0.8569     1.0000     0.1431     0.9673     0.9673    -0.0000
 17   0     0.8567     1.0000     0.1433     0.9671     0.9671     0.0000
 18   0     6.5100     6.0000    -0.5100     3.8997     3.8997    -0.0000
 19   0     0.8400     1.0000     0.1600     0.9652     0.9652     0.0000
 20   0     0.8399     1.0000     0.1601     0.9651     0.9651     0.0000
 21   0     6.3899     6.0000    -0.3899     4.0368     4.0368    -0.0000
 22   0     0.8422     1.0000     0.1578     0.9620     0.9620     0.0000
 23   0     0.8419     1.0000     0.1581     0.9618     0.9618     0.0000
 24   0     6.2757     6.0000    -0.2757     3.9764     3.9764     0.0000
 25   0     0.8562     1.0000     0.1438     0.9674     0.9674     0.0000
 26   0     0.8558     1.0000     0.1442     0.9673     0.9673     0.0000
 27   0     6.2921     6.0000    -0.2921     3.9428     3.9428    -0.0000
 28   0     0.8543     1.0000     0.1457     0.9686     0.9686     0.0000
 29   0     0.8540     1.0000     0.1460     0.9686     0.9686     0.0000
 30   0     6.2877     6.0000    -0.2877     3.9303     3.9302     0.0001
 31   0     0.8526     1.0000     0.1474     0.9692     0.9692     0.0000
 32   0     0.8526     1.0000     0.1474     0.9693     0.9693     0.0000
 33   0     6.3080     6.0000    -0.3080     3.9067     3.9019     0.0048
 34   0     0.8412     1.0000     0.1588     0.9661     0.9661     0.0000
 35   0     0.8412     1.0000     0.1588     0.9661     0.9661     0.0000
 36   0     6.2303     6.0000    -0.2303     3.8789     3.8769     0.0020
 37   0     0.8502     1.0000     0.1498     0.9680     0.9679     0.0001
 38   0     0.8502     1.0000     0.1498     0.9681     0.9680     0.0001
 39   0     6.4350     6.0000    -0.4350     3.8503     2.9887     0.8616
 40   0     0.8322     1.0000     0.1678     0.9700     0.9680     0.0020
 41   0     0.8322     1.0000     0.1678     0.9700     0.9680     0.0020
 42   0     6.5367     6.0000    -0.5367     3.8961     3.8961     0.0000
 43   0     0.8187     1.0000     0.1813     0.9773     0.9773     0.0000
 44   0     0.8554     1.0000     0.1446     0.9666     0.9666    -0.0000
 45   0     0.8956     1.0000     0.1044     0.9597     0.9597     0.0000
      Bond orders larger than 0.1000000
           Atom A     A.N. of A          Atom B    A.N. of B              Bond order
                0             6               4            6                0.911846
                0             6              42            6                2.701748
                1             6               2            6                1.371296
                1             6               3            6                0.118686
                1             6               5            6                0.101836
                1             6               6            6                1.483464
                1             6              45            1                0.982212
                2             6               3            6                1.446971
                2             6               4            6                0.103475
                2             6               9            6                0.899282
                3             6               4            6                1.422339
                3             6               7            1                0.980799
                4             6               5            6                1.379925
                4             6               6            6                0.106689
                5             6               6            6                1.424663
                5             6              21            6                0.944944
                6             6               8            1                0.977626
                9             6              10            1                0.969259
                9             6              11            1                0.967937
                9             6              12            6                1.019015
               12             6              13            1                0.963927
               12             6              14            1                0.962029
               12             6              15            6                0.982475
               15             6              16            1                0.972978
               15             6              17            1                0.972636
               15             6              18            6                0.956489
               18             6              19            1                0.972056
               18             6              20            1                0.971907
               18             6              44            1                0.968661
               21             6              22            1                0.958405
               21             6              23            1                0.958925
               21             6              24            6                1.001827
               24             6              25            1                0.962877
               24             6              26            1                0.963152
               24             6              27            6                0.972119
               27             6              28            1                0.976550
               27             6              29            1                0.976822
               27             6              30            6                0.968482
               30             6              31            1                0.980920
               30             6              32            1                0.980905
               30             6              33            6                0.954947
               33             6              34            1                0.979195
               33             6              35            1                0.979101
               33             6              36            6                0.935137
               36             6              37            1                0.978122
               36             6              38            1                0.978172
               36             6              39            6                0.973676
               39             6              40            1                0.973801
               39             6              41            1                0.973805
               42             6              43            1                0.983272
# -----------------------------------------------------------
$ SCF_Electric_Properties
   description: The SCF Calculated Electric Properties
   geom. index: 6
   prop. index: 1
       Filename                          : opt_EPRII.scfp 
       Do Dipole Moment Calculation      : true 
       Do Quadrupole Moment Calculation  : false 
       Do Polarizability Calculation     : false 
** Dipole moment part of electric properties **
        Magnitude of dipole moment (Debye) :        0.9064192649
        Electronic Contribution:
                  0    
      0       4.291472
      1      -7.809189
      2       0.336096
        Nuclear Contribution:
                  0    
      0      -4.617844
      1       7.665512
      2      -0.338434
        Total Dipole moment:
                  0    
      0      -0.326373
      1      -0.143677
      2      -0.002338
# -------------------------------------------------------------
----------------------- !GEOMETRIES! ------------------------
# -------------------------------------------------------------
------------------------ !GEOMETRY! -------------------------
    Number of atoms:    46 
    Geometry Index:     1 
    Coordinates:
               0 C      4.260892883062   -0.079126511321   -0.043590845691
               1 C      0.045386787520   -0.014079406930   -0.133806945737
               2 C      0.704756937694   -1.253015296515   -0.085632313281
               3 C      2.101931430278   -1.235147097316   -0.057350255003
               4 C      2.827985276870   -0.025998273952   -0.075534326522
               5 C      2.154195227585    1.220083510766   -0.123806896208
               6 C      0.753331768660    1.188758246861   -0.152097244870
               7 H      2.668494717386   -2.165884163704   -0.020280942840
               8 H      0.193946100125    2.124578577642   -0.189643959634
               9 C     -0.111948625578   -2.534903073438   -0.064555505934
              10 H     -0.786166311023   -2.529706298370   -0.941570058028
              11 H     -0.783039502564   -2.503561217488    0.814548345539
              12 C      0.667170362131   -3.852698891858   -0.045898498646
              13 H      1.334017540411   -3.903925257206   -0.926359208350
              14 H      1.326150308442   -3.884499719001    0.841307641786
              15 C     -0.246311241925   -5.084124060643   -0.035413088589
              16 H     -0.916770983224   -5.033045566117    0.842757423854
              17 H     -0.906915185863   -5.055142331444   -0.922002344156
              18 C      0.524987856655   -6.406261017474   -0.014443944201
              19 H      1.168050954374   -6.480500672052    0.879526333801
              20 H      1.177897632732   -6.502964763885   -0.899065516356
              21 C      2.952208483140    2.510100307934   -0.142410797436
              22 H      3.610045503475    2.523793821086    0.746200159306
              23 H      3.648975744128    2.474747129230   -1.000121581146
              24 C      2.153064390049    3.815083171034   -0.196314369827
              25 H      1.507351210102    3.823318098401   -1.093673387239
              26 H      1.473135531828    3.874673575397    0.673437235665
              27 C      3.051950263124    5.057494276225   -0.215340178705
              28 H      3.705088545075    5.050198869249    0.677686240882
              29 H      3.731773880643    5.003740008098   -1.086612065986
              30 C      2.270401988412    6.375297393342   -0.262073742680
              31 H      1.591515215413    6.428489526286    0.610416193469
              32 H      1.615926095222    6.380764932989   -1.154593837137
              33 C      3.165360428400    7.619458959389   -0.283637589069
              34 H      3.840572879159    7.577327071755   -1.158008024542
              35 H      3.819141803139    7.623303085623    0.607847234519
              36 C      2.361317477057    8.944123237542   -0.328166476641
              37 H      1.709747021253    8.920358626311   -1.221881892701
              38 H      1.689242204316    8.967417975216    0.550197906426
              39 C      3.214355250048   10.168421725243   -0.351042828186
              40 H      3.591753028379   10.606490868687    0.577387051244
              41 H      3.614829748044   10.555344550371   -1.292458476581
              42 C      5.475492082509   -0.133120242693   -0.017705872240
              43 H      6.546486698756   -0.180814348949    0.006548948748
              44 H     -0.157011998595   -7.272012354207   -0.007232885093
              45 H     -1.048372606821    0.011017679885   -0.157638095983
------------------------ !GEOMETRY! -------------------------
    Number of atoms:    46 
    Geometry Index:     2 
    Coordinates:
               0 C      4.263830112049   -0.085320686200   -0.046713925477
               1 C      0.040125769580   -0.015885602694   -0.141346121465
               2 C      0.700414704876   -1.258723254852   -0.090578131559
               3 C      2.100810045465   -1.242092416885   -0.061162094769
               4 C      2.828647170991   -0.030490203101   -0.080456532510
               5 C      2.155718404044    1.219206844949   -0.130638198349
               6 C      0.751301300521    1.189797834826   -0.160566621215
               7 H      2.663071759044   -2.168926593902   -0.022336983214
               8 H      0.196177140648    2.121559937388   -0.199351505099
               9 C     -0.118842418446   -2.542748167721   -0.066786907214
              10 H     -0.787869145759   -2.540502922081   -0.939633919452
              11 H     -0.785261653719   -2.510106580600    0.807666202122
              12 C      0.663551687263   -3.862792515378   -0.044397340853
              13 H      1.325929629745   -3.916194641772   -0.919727285165
              14 H      1.318107806765   -3.891729986202    0.837893432171
              15 C     -0.250542099339   -5.098363259803   -0.030096775903
              16 H     -0.916280171701   -5.046128698485    0.842873332977
              17 H     -0.906499682729   -5.073562661045   -0.911614969916
              18 C      0.524641067525   -6.423606419882   -0.004833641093
              19 H      1.163410998570   -6.492936424848    0.883526056779
              20 H      1.173208810645   -6.520946678950   -0.883402611201
              21 C      2.956652446400    2.511350271311   -0.148500737333
              22 H      3.609253289761    2.524883451007    0.735873650841
              23 H      3.648366899862    2.477289359323   -1.001990111792
              24 C      2.154949420466    3.818645240267   -0.201440219557
              25 H      1.514037620484    3.828243758048   -1.094147786006
              26 H      1.479123242766    3.876873768588    0.663263635007
              27 C      3.055562840700    5.064110158689   -0.218135656023
              28 H      3.703799148318    5.055769740971    0.670177694324
              29 H      3.730999555742    5.012748603092   -1.084478731248
              30 C      2.271375747331    6.384678091464   -0.262616827512
              31 H      1.597088461768    6.435445569844    0.604973317326
              32 H      1.621909228625    6.391676374694   -1.150364191342
              33 C      3.168450085444    7.632158842061   -0.281181529883
              34 H      3.838965570223    7.592920670234   -1.150335449156
              35 H      3.817083529243    7.634567835982    0.605281311553
              36 C      2.361622705909    8.959512451587   -0.322873987599
              37 H      1.714908586281    8.938415429148   -1.211419236242
              38 H      1.694011767142    8.980952834731    0.550027876637
              39 C      3.217218639773   10.187595326470   -0.342572141430
              40 H      3.590673345131   10.621908911840    0.580389939176
              41 H      3.614045889570   10.575699938815   -1.276318679549
              42 C      5.482413898282   -0.139233127250   -0.019252150129
              43 H      6.546564712325   -0.186485566620    0.006141856578
              44 H     -0.151986643126   -7.284896432362    0.005132250304
              45 H     -1.048346424458    0.009516255305   -0.166052836540
------------------------ !GEOMETRY! -------------------------
    Number of atoms:    46 
    Geometry Index:     3 
    Coordinates:
               0 C      4.264361387490   -0.089016173142   -0.047259783082
               1 C      0.039205953044   -0.013954158850   -0.144535429013
               2 C      0.698691218013   -1.258227337111   -0.092254916614
               3 C      2.099786275088   -1.244110314698   -0.061925573993
               4 C      2.828701735296   -0.032466637272   -0.081524998671
               5 C      2.157810925788    1.218556691341   -0.133128281942
               6 C      0.752581909319    1.191701040659   -0.164233522040
               7 H      2.660019905808   -2.171722371348   -0.022318945321
               8 H      0.199346019596    2.124115975167   -0.204339222186
               9 C     -0.122647891710   -2.541933265646   -0.067729935320
              10 H     -0.789621644049   -2.540872510899   -0.941075204597
              11 H     -0.787156003499   -2.509045174165    0.807077181687
              12 C      0.662928239277   -3.861792900202   -0.044141276426
              13 H      1.323416587049   -3.915974900418   -0.919803987824
              14 H      1.316308710884   -3.889386761067    0.838030920890
              15 C     -0.252258844394   -5.098377236047   -0.027881894218
              16 H     -0.915961790049   -5.046136889715    0.845551089415
              17 H     -0.906988083934   -5.075849056555   -0.909297752945
              18 C      0.526330726292   -6.423870538194   -0.001161898736
              19 H      1.164865798680   -6.489590481478    0.886812550983
              20 H      1.173706780523   -6.520122736334   -0.879894991495
              21 C      2.960954166662    2.510390160865   -0.151375110821
              22 H      3.611839702700    2.524129999604    0.733189630000
              23 H      3.650205158778    2.476705133535   -1.005789661533
              24 C      2.156201073947    3.817483465480   -0.203733504037
              25 H      1.516842918316    3.827398544261   -1.096543694129
              26 H      1.481842582365    3.874883888018    0.661133972079
              27 C      3.058183020608    5.063775907816   -0.219512672261
              28 H      3.704802208776    5.055455721615    0.668938292644
              29 H      3.731965642479    5.013897291351   -1.086151760213
              30 C      2.270649002977    6.384166059850   -0.262801224971
              31 H      1.598114350790    6.433506720610    0.605118347578
              32 H      1.622913122422    6.391457361197   -1.150723179160
              33 C      3.169169862551    7.632551280909   -0.280085059322
              34 H      3.837982544227    7.595070076973   -1.149515409267
              35 H      3.816008319729    7.634891453965    0.606605880176
              36 C      2.358912923490    8.959578173101   -0.320413162446
              37 H      1.713886905160    8.939474766036   -1.209035874285
              38 H      1.692881036476    8.980081331256    0.552527514187
              39 C      3.215778403867   10.188894438050   -0.338704148083
              40 H      3.586643839745   10.623798782045    0.584512610626
              41 H      3.610020395978   10.579742631782   -1.271895087627
              42 C      5.483524498300   -0.142775134577   -0.019349802142
              43 H      6.547845738311   -0.190028781189    0.006418308782
              44 H     -0.149435730462   -7.285072465430    0.010405868135
              45 H     -1.048764802702    0.012473588847   -0.170288482463
------------------------ !GEOMETRY! -------------------------
    Number of atoms:    46 
    Geometry Index:     4 
    Coordinates:
               0 C      4.264193803442   -0.089959709045   -0.047514044042
               1 C      0.039177249606   -0.013574281807   -0.147725603339
               2 C      0.698459189349   -1.258057356934   -0.093820235633
               3 C      2.099657224451   -1.245022574944   -0.062634785982
               4 C      2.828367287306   -0.033194879526   -0.082886909786
               5 C      2.158438850953    1.218052971132   -0.135845853268
               6 C      0.753049216388    1.192077023578   -0.167981507584
               7 H      2.659040265593   -2.173073544104   -0.021918541645
               8 H      0.200327127698    2.124768720203   -0.209265320954
               9 C     -0.124158620283   -2.541621443558   -0.068358743212
              10 H     -0.789996503593   -2.541551663601   -0.942427232899
              11 H     -0.787152548039   -2.508452765634    0.807449454055
              12 C      0.662988348500   -3.861480676014   -0.043971004646
              13 H      1.321674307927   -3.916769558499   -0.920801079106
              14 H      1.315885345098   -3.888285952683    0.838456995402
              15 C     -0.253410267839   -5.098034671356   -0.025620885811
              16 H     -0.915204405088   -5.045434774480    0.849145201222
              17 H     -0.907751041250   -5.077119541565   -0.907273874033
              18 C      0.527033956945   -6.423642271972    0.001951471025
              19 H      1.166091124258   -6.486413134640    0.889803648369
              20 H      1.173128820514   -6.519203050240   -0.877841651957
              21 C      2.962762296947    2.509849719109   -0.154567092782
              22 H      3.612969318174    2.523653334879    0.730343305522
              23 H      3.649875280387    2.476623423060   -1.010583177612
              24 C      2.156326424107    3.816900146844   -0.205870882029
              25 H      1.517951426771    3.827586025527   -1.099245773034
              26 H      1.483206056333    3.873663687470    0.659871532625
              27 C      3.059481737578    5.063366548318   -0.220780745830
              28 H      3.705082586848    5.054684715311    0.668285728209
              29 H      3.731980526258    5.014594051910   -1.088350062394
              30 C      2.270084569646    6.383693034389   -0.262791227778
              31 H      1.598885638474    6.432040831300    0.606076152193
              32 H      1.623497175291    6.391609969143   -1.151408035145
              33 C      3.169808870850    7.632257909507   -0.278965699130
              34 H      3.837392230761    7.596010279082   -1.149267675687
              35 H      3.815406912325    7.634258597066    0.608511257836
              36 C      2.357699095196    8.959040642208   -0.318070726133
              37 H      1.713829024999    8.940169636616   -1.207442937080
              38 H      1.692762724704    8.979126300542    0.555599999194
              39 C      3.215998017315   10.188294514222   -0.335136929598
              40 H      3.585351338215   10.623250912062    0.588785682417
              41 H      3.608625401497   10.581089980012   -1.268313431638
              42 C      5.483420675859   -0.142005646797   -0.018655626914
              43 H      6.547913154147   -0.188031258003    0.007928687659
              44 H     -0.148930326908   -7.284778869785    0.015296769826
              45 H     -1.048824087710    0.012899311699   -0.174271868876
------------------------ !GEOMETRY! -------------------------
    Number of atoms:    46 
    Geometry Index:     5 
    Coordinates:
               0 C      4.264199771838   -0.089604738215   -0.047094678729
               1 C      0.039573768773   -0.013945798609   -0.148819892744
               2 C      0.698957603567   -1.258172688188   -0.094081886543
               3 C      2.100043164501   -1.245126456750   -0.062366357013
               4 C      2.828354872273   -0.033171890928   -0.082815535692
               5 C      2.158401055999    1.217879405660   -0.136681170046
               6 C      0.753119257169    1.191729915912   -0.169388337373
               7 H      2.659395311029   -2.173234112690   -0.021098682011
               8 H      0.200205124249    2.124366437701   -0.211370218364
               9 C     -0.123917341215   -2.541672763072   -0.068274693393
              10 H     -0.789662725876   -2.541710684827   -0.942482244931
              11 H     -0.786280381008   -2.508451658865    0.808088540258
              12 C      0.663069465614   -3.861726837400   -0.044011871112
              13 H      1.320861473144   -3.917476693629   -0.921571423197
              14 H      1.316105462907   -3.888588847448    0.838392348724
              15 C     -0.253818741354   -5.097943067075   -0.024794727481
              16 H     -0.914636960041   -5.045180852601    0.850788718549
              17 H     -0.908431038734   -5.077244443705   -0.906341386696
              18 C      0.526650168507   -6.423713744034    0.002511854307
              19 H      1.166321293041   -6.485745603464    0.890063344013
              20 H      1.171848646907   -6.519103923262   -0.878047790709
              21 C      2.962760065079    2.509731920545   -0.155910664257
              22 H      3.613234036971    2.523575173670    0.728857984475
              23 H      3.648833791111    2.476670591628   -1.012843551103
              24 C      2.156146266658    3.816799647148   -0.206528869027
              25 H      1.517955019089    3.827932486855   -1.100108756128
              26 H      1.483554717610    3.873296097843    0.659722009666
              27 C      3.059503719281    5.063230938081   -0.221169727294
              28 H      3.704851323598    5.054357702303    0.668154915768
              29 H      3.731554526271    5.014773584744   -1.089183087753
              30 C      2.269932242349    6.383587916958   -0.262719136827
              31 H      1.599159368756    6.431688257330    0.606566482083
              32 H      1.623684661447    6.391784223962   -1.151655926539
              33 C      3.169836488188    7.632128586993   -0.278561046620
              34 H      3.837093703899    7.596150807023   -1.149202200724
              35 H      3.815010315439    7.634012261674    0.609300962952
              36 C      2.357637528940    8.958930418184   -0.317409685322
              37 H      1.714186370513    8.940535376367   -1.207190112338
              38 H      1.692959323328    8.979070630372    0.556555159920
              39 C      3.216481001983   10.187791380998   -0.334079091341
              40 H      3.585621001018   10.622467037824    0.590146805822
              41 H      3.608930286897   10.580866554614   -1.267297159908
              42 C      5.483378627636   -0.140146284274   -0.017928810970
              43 H      6.547945111946   -0.185133267750    0.008914142377
              44 H     -0.149712707586   -7.284625588236    0.016696672718
              45 H     -1.048501241710    0.012217250632   -0.175834499449
------------------------ !GEOMETRY! -------------------------
    Number of atoms:    46 
    Geometry Index:     6 
    Coordinates:
               0 C      4.264293513388   -0.089356119250   -0.046739913438
               1 C      0.039858178941   -0.014240009926   -0.150041697636
               2 C      0.699300205691   -1.258295316099   -0.094411351408
               3 C      2.100315692950   -1.245146386019   -0.062229621310
               4 C      2.828460325661   -0.033153536453   -0.083075795591
               5 C      2.158390904809    1.217771616526   -0.137715028970
               6 C      0.753183600954    1.191443025947   -0.170922670001
               7 H      2.659673168481   -2.173253571521   -0.020289320666
               8 H      0.200136746238    2.124007523369   -0.213515003169
               9 C     -0.123623895314   -2.541719754082   -0.068076945379
              10 H     -0.789647620709   -2.541821687410   -0.942105933405
              11 H     -0.785512714778   -2.508338154184    0.808682005887
              12 C      0.663033894205   -3.861927698447   -0.043976769840
              13 H      1.320185484208   -3.918002066678   -0.922043148243
              14 H      1.316460816209   -3.888780493343    0.838180138559
              15 C     -0.254014318359   -5.097940098050   -0.023936466347
              16 H     -0.914094388016   -5.044985832874    0.852231447915
              17 H     -0.909149394594   -5.077333729574   -0.905137116017
              18 C      0.526247841159   -6.423843124824    0.003024683826
              19 H      1.166611936610   -6.485555423951    0.890124385049
              20 H      1.170617043201   -6.519368846341   -0.878152775431
              21 C      2.962635142483    2.509641952189   -0.157358813425
              22 H      3.613731742088    2.523373930044    0.726974797752
              23 H      3.647896327893    2.476755319642   -1.014992030581
              24 C      2.156083505752    3.816731589846   -0.207141295154
              25 H      1.517762270028    3.828316994673   -1.100663225921
              26 H      1.483852655858    3.872866926195    0.659453466588
              27 C      3.059388841182    5.063153488936   -0.221530925191
              28 H      3.704748622196    5.054039723237    0.667820673826
              29 H      3.731212486758    5.014966924817   -1.089776519114
              30 C      2.269907137535    6.383535289846   -0.262611166248
              31 H      1.599303410810    6.431390709881    0.606858325685
              32 H      1.623728267587    6.392014233107   -1.151635128807
              33 C      3.169729040987    7.632083551196   -0.278137473638
              34 H      3.836918160500    7.596306628336   -1.148878251742
              35 H      3.814741085973    7.633800801661    0.609880288067
              36 C      2.357702049399    8.958960039144   -0.316752287228
              37 H      1.714438002472    8.940884305287   -1.206718004691
              38 H      1.693041093572    8.979013929743    0.557274115110
              39 C      3.216719227689   10.187601147060   -0.333044708247
              40 H      3.585930725392   10.621822303946    0.591388206054
              41 H      3.609281425395   10.580764542567   -1.266198955743
              42 C      5.483466298676   -0.138630165465   -0.017029741866
              43 H      6.548052854288   -0.182845740980    0.010274345040
              44 H     -0.150361407918   -7.284566650903    0.018002387843
              45 H     -1.048241187527    0.011712569179   -0.177434462758
