-------------------------------------------------------------
----------------------- !PROPERTIES! ------------------------
-------------------------------------------------------------
# -----------------------------------------------------------
$ PAL_Flags
   description: The PAL Flags
   geom. index: 1
   prop. index: 1
        Diskflag:     2
# -----------------------------------------------------------
$ SCF_Energy
   description: The SCF energy
   geom. index: 1
   prop. index: 1
        SCF Energy:     -739.6897496816
# -----------------------------------------------------------
$ DFT_Energy
   description: The DFT energy
   geom. index: 1
   prop. index: 1
   Number of Alpha Electrons                 71.0001789568 
   Number of Beta  Electrons                 70.0001763857 
   Total number of  Electrons               141.0003553425 
   Exchange energy                          -85.6239707642 
   Correlation energy                        -5.4142917353 
   Correlation energy NL                      0.0000000000 
   Exchange-Correlation energy              -91.0382624995 
   Embedding correction                       0.0000000000 
   Total DFT Energy (No VdW correction)    -739.6897496816 
# -----------------------------------------------------------
$ Mayer_Pop
   description: The Mayer population analysis
   geom. index: 1
   prop. index: 1
     Number of atoms                     : 46
     Threshold for printing              : 0.1000000
     Number of bond orders printed       : 46
  NA   - Mulliken gross atomic population
  ZA   - Total nuclear charge
  QA   - Mulliken gross atomic charge
  VA   - Mayer's total valence
  BVA  - Mayer's bonded valence
  FA   - Mayer's free valence
  ATOM       NA         ZA         QA         VA         BVA        FA
  0   0     5.3792     6.0000     0.6208     2.9132     2.9132     0.0000
  1   0     5.9708     6.0000     0.0292     3.9582     3.9582     0.0000
  2   0     6.0260     6.0000    -0.0260     4.0859     4.0859     0.0000
  3   0     5.9697     6.0000     0.0303     3.8978     3.8978     0.0000
  4   0     6.0603     6.0000    -0.0603     3.8494     3.8494     0.0000
  5   0     6.0733     6.0000    -0.0733     4.1619     4.1619     0.0000
  6   0     5.9764     6.0000     0.0236     3.9747     3.9747     0.0000
  7   0     1.0554     1.0000    -0.0554     1.0010     1.0010     0.0000
  8   0     1.0444     1.0000    -0.0444     0.9843     0.9843     0.0000
  9   0     5.9661     6.0000     0.0339     4.0148     4.0148     0.0000
 10   0     0.9759     1.0000     0.0241     0.9654     0.9654     0.0000
 11   0     0.9748     1.0000     0.0252     0.9649     0.9649     0.0000
 12   0     6.0390     6.0000    -0.0390     4.1180     4.1180     0.0000
 13   0     0.9837     1.0000     0.0163     0.9641     0.9641     0.0000
 14   0     0.9828     1.0000     0.0172     0.9635     0.9635     0.0000
 15   0     6.0248     6.0000    -0.0248     4.1160     4.1160     0.0000
 16   0     0.9952     1.0000     0.0048     0.9671     0.9671    -0.0000
 17   0     0.9952     1.0000     0.0048     0.9672     0.9672     0.0000
 18   0     5.9982     6.0000     0.0018     4.0186     4.0186    -0.0000
 19   0     0.9828     1.0000     0.0172     0.9775     0.9775     0.0000
 20   0     0.9827     1.0000     0.0173     0.9774     0.9774     0.0000
 21   0     5.9518     6.0000     0.0482     4.0164     4.0164     0.0000
 22   0     0.9695     1.0000     0.0305     0.9695     0.9695     0.0000
 23   0     0.9696     1.0000     0.0304     0.9696     0.9696     0.0000
 24   0     6.0334     6.0000    -0.0334     4.1144     4.1144     0.0000
 25   0     0.9862     1.0000     0.0138     0.9635     0.9635     0.0000
 26   0     0.9863     1.0000     0.0137     0.9636     0.9636     0.0000
 27   0     5.9862     6.0000     0.0138     4.0763     4.0763     0.0000
 28   0     0.9969     1.0000     0.0031     0.9697     0.9697     0.0000
 29   0     0.9969     1.0000     0.0031     0.9697     0.9697     0.0000
 30   0     6.0053     6.0000    -0.0053     4.0841     4.0840     0.0001
 31   0     0.9990     1.0000     0.0010     0.9698     0.9698     0.0000
 32   0     0.9990     1.0000     0.0010     0.9698     0.9698     0.0000
 33   0     5.9997     6.0000     0.0003     4.0592     4.0565     0.0027
 34   0     0.9966     1.0000     0.0034     0.9709     0.9709     0.0000
 35   0     0.9966     1.0000     0.0034     0.9709     0.9709     0.0000
 36   0     6.0008     6.0000    -0.0008     4.1003     4.0978     0.0025
 37   0     0.9899     1.0000     0.0101     0.9656     0.9654     0.0002
 38   0     0.9899     1.0000     0.0101     0.9656     0.9654     0.0002
 39   0     6.0681     6.0000    -0.0681     3.9788     3.1230     0.8558
 40   0     0.9754     1.0000     0.0246     0.9760     0.9737     0.0023
 41   0     0.9754     1.0000     0.0246     0.9760     0.9737     0.0023
 42   0     6.5953     6.0000    -0.5953     3.4052     3.4052     0.0000
 43   0     1.0319     1.0000    -0.0319     1.0298     1.0298     0.0000
 44   0     0.9876     1.0000     0.0124     0.9734     0.9734    -0.0000
 45   0     1.0563     1.0000    -0.0563     0.9793     0.9793     0.0000
      Bond orders larger than 0.1000000
           Atom A     A.N. of A          Atom B    A.N. of B              Bond order
                0             6               4            6                0.908014
                0             6              42            6                2.139812
                1             6               2            6                1.421680
                1             6               6            6                1.431018
                1             6              45            1                0.933164
                2             6               3            6                1.426355
                2             6               9            6                1.044832
                3             6               4            6                1.392420
                3             6               7            1                0.927711
                4             6               5            6                1.409429
                5             6               6            6                1.441405
                5             6              21            6                1.088799
                6             6               8            1                0.918360
                9             6              10            1                0.914509
                9             6              11            1                0.913827
                9             6              12            6                1.103900
               12             6              13            1                0.931249
               12             6              14            1                0.930170
               12             6              15            6                1.075125
               15             6              16            1                0.941364
               15             6              17            1                0.941324
               15             6              18            6                1.105672
               18             6              19            1                0.966545
               18             6              20            1                0.966570
               18             6              44            1                0.962136
               21             6              22            1                0.898477
               21             6              23            1                0.898700
               21             6              24            6                1.099932
               24             6              25            1                0.927445
               24             6              26            1                0.927469
               24             6              27            6                1.078002
               27             6              28            1                0.934002
               27             6              29            1                0.934028
               27             6              30            6                1.077743
               30             6              31            1                0.935814
               30             6              32            1                0.935746
               30             6              33            6                1.077974
               33             6              34            1                0.940118
               33             6              35            1                0.940116
               33             6              36            6                1.048509
               36             6              37            1                0.935787
               36             6              38            1                0.935863
               36             6              39            6                1.136434
               39             6              40            1                0.964853
               39             6              41            1                0.964844
               42             6              43            1                1.117086
# -----------------------------------------------------------
$ PAL_Flags
   description: The PAL Flags
   geom. index: 2
   prop. index: 1
        Diskflag:     2
# -----------------------------------------------------------
$ SCF_Energy
   description: The SCF energy
   geom. index: 2
   prop. index: 1
        SCF Energy:     -739.6897498612
# -----------------------------------------------------------
$ DFT_Energy
   description: The DFT energy
   geom. index: 2
   prop. index: 1
   Number of Alpha Electrons                 71.0001788727 
   Number of Beta  Electrons                 70.0001763706 
   Total number of  Electrons               141.0003552432 
   Exchange energy                          -85.6239869940 
   Correlation energy                        -5.4142927339 
   Correlation energy NL                      0.0000000000 
   Exchange-Correlation energy              -91.0382797278 
   Embedding correction                       0.0000000000 
   Total DFT Energy (No VdW correction)    -739.6897498612 
# -----------------------------------------------------------
$ Mayer_Pop
   description: The Mayer population analysis
   geom. index: 2
   prop. index: 1
     Number of atoms                     : 46
     Threshold for printing              : 0.1000000
     Number of bond orders printed       : 46
  NA   - Mulliken gross atomic population
  ZA   - Total nuclear charge
  QA   - Mulliken gross atomic charge
  VA   - Mayer's total valence
  BVA  - Mayer's bonded valence
  FA   - Mayer's free valence
  ATOM       NA         ZA         QA         VA         BVA        FA
  0   0     5.3792     6.0000     0.6208     2.9132     2.9132     0.0000
  1   0     5.9708     6.0000     0.0292     3.9582     3.9582     0.0000
  2   0     6.0260     6.0000    -0.0260     4.0859     4.0859     0.0000
  3   0     5.9697     6.0000     0.0303     3.8978     3.8978     0.0000
  4   0     6.0602     6.0000    -0.0602     3.8494     3.8494     0.0000
  5   0     6.0733     6.0000    -0.0733     4.1619     4.1619     0.0000
  6   0     5.9764     6.0000     0.0236     3.9747     3.9747     0.0000
  7   0     1.0554     1.0000    -0.0554     1.0010     1.0010     0.0000
  8   0     1.0444     1.0000    -0.0444     0.9843     0.9843     0.0000
  9   0     5.9661     6.0000     0.0339     4.0148     4.0148     0.0000
 10   0     0.9759     1.0000     0.0241     0.9654     0.9654     0.0000
 11   0     0.9748     1.0000     0.0252     0.9649     0.9649     0.0000
 12   0     6.0390     6.0000    -0.0390     4.1180     4.1180     0.0000
 13   0     0.9837     1.0000     0.0163     0.9641     0.9641     0.0000
 14   0     0.9828     1.0000     0.0172     0.9635     0.9635    -0.0000
 15   0     6.0248     6.0000    -0.0248     4.1160     4.1160     0.0000
 16   0     0.9952     1.0000     0.0048     0.9671     0.9671    -0.0000
 17   0     0.9952     1.0000     0.0048     0.9672     0.9672    -0.0000
 18   0     5.9982     6.0000     0.0018     4.0186     4.0186    -0.0000
 19   0     0.9828     1.0000     0.0172     0.9775     0.9775    -0.0000
 20   0     0.9827     1.0000     0.0173     0.9774     0.9774     0.0000
 21   0     5.9518     6.0000     0.0482     4.0164     4.0164     0.0000
 22   0     0.9695     1.0000     0.0305     0.9695     0.9695     0.0000
 23   0     0.9696     1.0000     0.0304     0.9695     0.9695     0.0000
 24   0     6.0334     6.0000    -0.0334     4.1144     4.1144     0.0000
 25   0     0.9862     1.0000     0.0138     0.9635     0.9635     0.0000
 26   0     0.9863     1.0000     0.0137     0.9636     0.9636     0.0000
 27   0     5.9862     6.0000     0.0138     4.0763     4.0763     0.0000
 28   0     0.9969     1.0000     0.0031     0.9697     0.9697     0.0000
 29   0     0.9969     1.0000     0.0031     0.9697     0.9697     0.0000
 30   0     6.0053     6.0000    -0.0053     4.0841     4.0840     0.0001
 31   0     0.9990     1.0000     0.0010     0.9698     0.9698     0.0000
 32   0     0.9990     1.0000     0.0010     0.9698     0.9698     0.0000
 33   0     5.9997     6.0000     0.0003     4.0592     4.0565     0.0027
 34   0     0.9966     1.0000     0.0034     0.9709     0.9709     0.0000
 35   0     0.9966     1.0000     0.0034     0.9709     0.9709     0.0000
 36   0     6.0008     6.0000    -0.0008     4.1003     4.0978     0.0025
 37   0     0.9899     1.0000     0.0101     0.9656     0.9654     0.0002
 38   0     0.9899     1.0000     0.0101     0.9656     0.9654     0.0002
 39   0     6.0681     6.0000    -0.0681     3.9788     3.1230     0.8558
 40   0     0.9754     1.0000     0.0246     0.9760     0.9737     0.0023
 41   0     0.9754     1.0000     0.0246     0.9760     0.9737     0.0023
 42   0     6.5953     6.0000    -0.5953     3.4052     3.4052     0.0000
 43   0     1.0319     1.0000    -0.0319     1.0298     1.0298     0.0000
 44   0     0.9876     1.0000     0.0124     0.9734     0.9734    -0.0000
 45   0     1.0563     1.0000    -0.0563     0.9793     0.9793     0.0000
      Bond orders larger than 0.1000000
           Atom A     A.N. of A          Atom B    A.N. of B              Bond order
                0             6               4            6                0.908052
                0             6              42            6                2.139805
                1             6               2            6                1.421709
                1             6               6            6                1.431018
                1             6              45            1                0.933157
                2             6               3            6                1.426349
                2             6               9            6                1.044839
                3             6               4            6                1.392392
                3             6               7            1                0.927716
                4             6               5            6                1.409438
                5             6               6            6                1.441373
                5             6              21            6                1.088807
                6             6               8            1                0.918373
                9             6              10            1                0.914501
                9             6              11            1                0.913829
                9             6              12            6                1.103901
               12             6              13            1                0.931243
               12             6              14            1                0.930176
               12             6              15            6                1.075125
               15             6              16            1                0.941363
               15             6              17            1                0.941324
               15             6              18            6                1.105672
               18             6              19            1                0.966544
               18             6              20            1                0.966571
               18             6              44            1                0.962137
               21             6              22            1                0.898478
               21             6              23            1                0.898694
               21             6              24            6                1.099930
               24             6              25            1                0.927433
               24             6              26            1                0.927480
               24             6              27            6                1.078002
               27             6              28            1                0.933995
               27             6              29            1                0.934032
               27             6              30            6                1.077748
               30             6              31            1                0.935810
               30             6              32            1                0.935752
               30             6              33            6                1.077969
               33             6              34            1                0.940120
               33             6              35            1                0.940112
               33             6              36            6                1.048503
               36             6              37            1                0.935782
               36             6              38            1                0.935858
               36             6              39            6                1.136460
               39             6              40            1                0.964859
               39             6              41            1                0.964850
               42             6              43            1                1.117097
# -----------------------------------------------------------
$ SCF_Electric_Properties
   description: The SCF Calculated Electric Properties
   geom. index: 2
   prop. index: 1
       Filename                          : opt_cc-pVDZ.scfp 
       Do Dipole Moment Calculation      : true 
       Do Quadrupole Moment Calculation  : false 
       Do Polarizability Calculation     : false 
** Dipole moment part of electric properties **
        Magnitude of dipole moment (Debye) :        0.7764574893
        Electronic Contribution:
                  0    
      0       4.337964
      1      -7.760216
      2       0.418344
        Nuclear Contribution:
                  0    
      0      -4.607615
      1       7.616677
      2      -0.418874
        Total Dipole moment:
                  0    
      0      -0.269651
      1      -0.143539
      2      -0.000529
# -------------------------------------------------------------
----------------------- !GEOMETRIES! ------------------------
# -------------------------------------------------------------
------------------------ !GEOMETRY! -------------------------
    Number of atoms:    46 
    Geometry Index:     1 
    Coordinates:
               0 C      4.260892883062   -0.079126511321   -0.043590845691
               1 C      0.045386787520   -0.014079406930   -0.133806945737
               2 C      0.704756937694   -1.253015296515   -0.085632313281
               3 C      2.101931430278   -1.235147097316   -0.057350255003
               4 C      2.827985276870   -0.025998273952   -0.075534326522
               5 C      2.154195227585    1.220083510766   -0.123806896208
               6 C      0.753331768660    1.188758246861   -0.152097244870
               7 H      2.668494717386   -2.165884163704   -0.020280942840
               8 H      0.193946100125    2.124578577642   -0.189643959634
               9 C     -0.111948625578   -2.534903073438   -0.064555505934
              10 H     -0.786166311023   -2.529706298370   -0.941570058028
              11 H     -0.783039502564   -2.503561217488    0.814548345539
              12 C      0.667170362131   -3.852698891858   -0.045898498646
              13 H      1.334017540411   -3.903925257206   -0.926359208350
              14 H      1.326150308442   -3.884499719001    0.841307641786
              15 C     -0.246311241925   -5.084124060643   -0.035413088589
              16 H     -0.916770983224   -5.033045566117    0.842757423854
              17 H     -0.906915185863   -5.055142331444   -0.922002344156
              18 C      0.524987856655   -6.406261017474   -0.014443944201
              19 H      1.168050954374   -6.480500672052    0.879526333801
              20 H      1.177897632732   -6.502964763885   -0.899065516356
              21 C      2.952208483140    2.510100307934   -0.142410797436
              22 H      3.610045503475    2.523793821086    0.746200159306
              23 H      3.648975744128    2.474747129230   -1.000121581146
              24 C      2.153064390049    3.815083171034   -0.196314369827
              25 H      1.507351210102    3.823318098401   -1.093673387239
              26 H      1.473135531828    3.874673575397    0.673437235665
              27 C      3.051950263124    5.057494276225   -0.215340178705
              28 H      3.705088545075    5.050198869249    0.677686240882
              29 H      3.731773880643    5.003740008098   -1.086612065986
              30 C      2.270401988412    6.375297393342   -0.262073742680
              31 H      1.591515215413    6.428489526286    0.610416193469
              32 H      1.615926095222    6.380764932989   -1.154593837137
              33 C      3.165360428400    7.619458959389   -0.283637589069
              34 H      3.840572879159    7.577327071755   -1.158008024542
              35 H      3.819141803139    7.623303085623    0.607847234519
              36 C      2.361317477057    8.944123237542   -0.328166476641
              37 H      1.709747021253    8.920358626311   -1.221881892701
              38 H      1.689242204316    8.967417975216    0.550197906426
              39 C      3.214355250048   10.168421725243   -0.351042828186
              40 H      3.591753028379   10.606490868687    0.577387051244
              41 H      3.614829748044   10.555344550371   -1.292458476581
              42 C      5.475492082509   -0.133120242693   -0.017705872240
              43 H      6.546486698756   -0.180814348949    0.006548948748
              44 H     -0.157011998595   -7.272012354207   -0.007232885093
              45 H     -1.048372606821    0.011017679885   -0.157638095983
------------------------ !GEOMETRY! -------------------------
    Number of atoms:    46 
    Geometry Index:     2 
    Coordinates:
               0 C      4.260857756533   -0.079058846462   -0.044002868036
               1 C      0.045449961823   -0.014090409709   -0.134841968902
               2 C      0.704770904801   -1.253030860429   -0.086291383913
               3 C      2.101953692952   -1.235180390746   -0.057795796157
               4 C      2.827943801258   -0.025995066384   -0.076105641819
               5 C      2.154188647827    1.220083043758   -0.124789242008
               6 C      0.753308203290    1.188797945345   -0.153318654332
               7 H      2.668497052080   -2.165912286846   -0.020459046575
               8 H      0.193918421221    2.124592770855   -0.191200774734
               9 C     -0.111958489566   -2.534895459301   -0.065106480077
              10 H     -0.785744491352   -2.530067024563   -0.942453683891
              11 H     -0.783439529447   -2.503205146257    0.813682197324
              12 C      0.667159058620   -3.852681720900   -0.045538882387
              13 H      1.334358859318   -3.904331682440   -0.925707466405
              14 H      1.325796979421   -3.884054326380    0.841938622268
              15 C     -0.246305856422   -5.084114412823   -0.034815786046
              16 H     -0.917017387828   -5.032680798442    0.843141922332
              17 H     -0.906654977321   -5.055516241365   -0.921606844060
              18 C      0.525018053660   -6.406222803356   -0.013061455378
              19 H      1.167844091017   -6.480055739094    0.881112983427
              20 H      1.178165325382   -6.503304937196   -0.897466030962
              21 C      2.952249197158    2.510065494190   -0.143621068512
              22 H      3.610531268166    2.523573246884    0.744655561280
              23 H      3.648581482798    2.474855365749   -1.001695988716
              24 C      2.153088891691    3.815065776282   -0.196858345379
              25 H      1.507145205475    3.823672591574   -1.094046143008
              26 H      1.473377625090    3.874269735041    0.673092596378
              27 C      3.051923657297    5.057517055964   -0.215562250013
              28 H      3.705029238387    5.049993864799    0.677486803990
              29 H      3.731779219663    5.004054265558   -1.086825050609
              30 C      2.270279966360    6.375265326112   -0.261869717274
              31 H      1.591531868551    6.428196670424    0.610745519962
              32 H      1.615679267814    6.380968909123   -1.154296442575
              33 C      3.165181504424    7.619488264735   -0.283177553764
              34 H      3.840344763981    7.577562448015   -1.157596202119
              35 H      3.818995813757    7.623059901335    0.608286713030
              36 C      2.361206973198    8.944209997190   -0.327268954539
              37 H      1.709406526969    8.920674556730   -1.220825446695
              38 H      1.689329985253    8.967400945633    0.551250211574
              39 C      3.214261325244   10.168438630514   -0.350107756401
              40 H      3.592496001495   10.605925142166    0.578244579637
              41 H      3.615223085968   10.555065113518   -1.291427124073
              42 C      5.475459158223   -0.132927492595   -0.017936367830
              43 H      6.546452015294   -0.180591793691    0.006458494943
              44 H     -0.156964003497   -7.271986862204   -0.005648248218
              45 H     -1.048305316027    0.010961899689   -0.158874820739
