-------------------------------------------------------------
----------------------- !PROPERTIES! ------------------------
-------------------------------------------------------------
# -----------------------------------------------------------
$ PAL_Flags
   description: The PAL Flags
   geom. index: 1
   prop. index: 1
        Diskflag:     2
# -----------------------------------------------------------
$ SCF_Energy
   description: The SCF energy
   geom. index: 1
   prop. index: 1
        SCF Energy:     -739.6959990389
# -----------------------------------------------------------
$ DFT_Energy
   description: The DFT energy
   geom. index: 1
   prop. index: 1
   Number of Alpha Electrons                 71.0000454953 
   Number of Beta  Electrons                 70.0000467211 
   Total number of  Electrons               141.0000922164 
   Exchange energy                          -85.6253244958 
   Correlation energy                        -5.4152877079 
   Correlation energy NL                      0.0000000000 
   Exchange-Correlation energy              -91.0406122036 
   Embedding correction                       0.0000000000 
   Total DFT Energy (No VdW correction)    -739.6959990389 
# -----------------------------------------------------------
$ Mayer_Pop
   description: The Mayer population analysis
   geom. index: 1
   prop. index: 1
     Number of atoms                     : 46
     Threshold for printing              : 0.1000000
     Number of bond orders printed       : 46
  NA   - Mulliken gross atomic population
  ZA   - Total nuclear charge
  QA   - Mulliken gross atomic charge
  VA   - Mayer's total valence
  BVA  - Mayer's bonded valence
  FA   - Mayer's free valence
  ATOM       NA         ZA         QA         VA         BVA        FA
  0   0     5.3790     6.0000     0.6210     2.9118     2.9118     0.0000
  1   0     5.9706     6.0000     0.0294     3.9582     3.9582     0.0000
  2   0     6.0265     6.0000    -0.0265     4.0869     4.0869     0.0000
  3   0     5.9698     6.0000     0.0302     3.8978     3.8978     0.0000
  4   0     6.0594     6.0000    -0.0594     3.8491     3.8491     0.0000
  5   0     6.0726     6.0000    -0.0726     4.1614     4.1614     0.0000
  6   0     5.9768     6.0000     0.0232     3.9742     3.9742     0.0000
  7   0     1.0555     1.0000    -0.0555     1.0010     1.0010     0.0000
  8   0     1.0442     1.0000    -0.0442     0.9846     0.9846     0.0000
  9   0     5.9659     6.0000     0.0341     4.0145     4.0145     0.0000
 10   0     0.9766     1.0000     0.0234     0.9656     0.9656     0.0000
 11   0     0.9743     1.0000     0.0257     0.9648     0.9648     0.0000
 12   0     6.0390     6.0000    -0.0390     4.1179     4.1179     0.0000
 13   0     0.9844     1.0000     0.0156     0.9645     0.9645     0.0000
 14   0     0.9822     1.0000     0.0178     0.9631     0.9631     0.0000
 15   0     6.0247     6.0000    -0.0247     4.1160     4.1160     0.0000
 16   0     0.9952     1.0000     0.0048     0.9670     0.9670     0.0000
 17   0     0.9952     1.0000     0.0048     0.9672     0.9672     0.0000
 18   0     5.9983     6.0000     0.0017     4.0186     4.0186     0.0000
 19   0     0.9829     1.0000     0.0171     0.9775     0.9775     0.0000
 20   0     0.9826     1.0000     0.0174     0.9773     0.9773     0.0000
 21   0     5.9543     6.0000     0.0457     4.0166     4.0166     0.0000
 22   0     0.9692     1.0000     0.0308     0.9691     0.9691     0.0000
 23   0     0.9697     1.0000     0.0303     0.9703     0.9703     0.0000
 24   0     6.0415     6.0000    -0.0415     4.1238     4.1237     0.0001
 25   0     0.9834     1.0000     0.0166     0.9621     0.9621     0.0000
 26   0     0.9818     1.0000     0.0182     0.9632     0.9632     0.0000
 27   0     5.9324     6.0000     0.0676     4.0022     3.9997     0.0025
 28   0     0.9936     1.0000     0.0064     0.9724     0.9720     0.0004
 29   0     0.9859     1.0000     0.0141     0.9652     0.9614     0.0038
 30   0     6.1135     6.0000    -0.1135     4.0046     3.2571     0.7475
 31   0     1.0180     1.0000    -0.0180     0.9897     0.9874     0.0023
 32   0     5.9590     6.0000     0.0410     4.0159     4.0134     0.0025
 33   0     0.9870     1.0000     0.0130     0.9642     0.9603     0.0039
 34   0     0.9960     1.0000     0.0040     0.9717     0.9714     0.0003
 35   0     6.0446     6.0000    -0.0446     4.1295     4.1294     0.0001
 36   0     0.9926     1.0000     0.0074     0.9653     0.9653     0.0000
 37   0     0.9917     1.0000     0.0083     0.9669     0.9669     0.0000
 38   0     6.0023     6.0000    -0.0023     4.0213     4.0213     0.0000
 39   0     0.9839     1.0000     0.0161     0.9771     0.9771     0.0000
 40   0     0.9841     1.0000     0.0159     0.9774     0.9774     0.0000
 41   0     6.5958     6.0000    -0.5958     3.4049     3.4049     0.0000
 42   0     1.0320     1.0000    -0.0320     1.0298     1.0298     0.0000
 43   0     0.9877     1.0000     0.0123     0.9734     0.9734    -0.0000
 44   0     0.9882     1.0000     0.0118     0.9735     0.9735     0.0000
 45   0     1.0561     1.0000    -0.0561     0.9793     0.9793     0.0000
      Bond orders larger than 0.1000000
           Atom A     A.N. of A          Atom B    A.N. of B              Bond order
                0             6               4            6                0.907461
                0             6              41            6                2.139384
                1             6               2            6                1.421994
                1             6               6            6                1.430682
                1             6              45            1                0.933185
                2             6               3            6                1.426370
                2             6               9            6                1.045020
                3             6               4            6                1.392596
                3             6               7            1                0.927663
                4             6               5            6                1.409612
                5             6               6            6                1.441669
                5             6              21            6                1.088136
                6             6               8            1                0.918531
                9             6              10            1                0.914806
                9             6              11            1                0.913475
                9             6              12            6                1.103742
               12             6              13            1                0.931984
               12             6              14            1                0.929507
               12             6              15            6                1.075125
               15             6              16            1                0.941384
               15             6              17            1                0.941302
               15             6              18            6                1.105688
               18             6              19            1                0.966505
               18             6              20            1                0.966601
               18             6              43            1                0.962140
               21             6              22            1                0.898439
               21             6              23            1                0.898196
               21             6              24            6                1.099726
               24             6              25            1                0.928694
               24             6              26            1                0.931050
               24             6              27            6                1.073072
               27             6              28            1                0.924348
               27             6              29            1                0.911306
               27             6              30            6                1.071839
               30             6              31            1                0.958624
               30             6              32            6                1.080036
               32             6              33            1                0.915641
               32             6              34            1                0.928269
               32             6              35            6                1.070952
               35             6              36            1                0.944490
               35             6              37            1                0.947378
               35             6              38            6                1.104730
               38             6              39            1                0.966727
               38             6              40            1                0.966445
               38             6              44            1                0.962775
               41             6              42            1                1.117183
# -----------------------------------------------------------
$ PAL_Flags
   description: The PAL Flags
   geom. index: 2
   prop. index: 1
        Diskflag:     2
# -----------------------------------------------------------
$ SCF_Energy
   description: The SCF energy
   geom. index: 2
   prop. index: 1
        SCF Energy:     -739.6960002950
# -----------------------------------------------------------
$ DFT_Energy
   description: The DFT energy
   geom. index: 2
   prop. index: 1
   Number of Alpha Electrons                 71.0000433591 
   Number of Beta  Electrons                 70.0000445465 
   Total number of  Electrons               141.0000879056 
   Exchange energy                          -85.6253216123 
   Correlation energy                        -5.4152883418 
   Correlation energy NL                      0.0000000000 
   Exchange-Correlation energy              -91.0406099541 
   Embedding correction                       0.0000000000 
   Total DFT Energy (No VdW correction)    -739.6960002950 
# -----------------------------------------------------------
$ Mayer_Pop
   description: The Mayer population analysis
   geom. index: 2
   prop. index: 1
     Number of atoms                     : 46
     Threshold for printing              : 0.1000000
     Number of bond orders printed       : 46
  NA   - Mulliken gross atomic population
  ZA   - Total nuclear charge
  QA   - Mulliken gross atomic charge
  VA   - Mayer's total valence
  BVA  - Mayer's bonded valence
  FA   - Mayer's free valence
  ATOM       NA         ZA         QA         VA         BVA        FA
  0   0     5.3790     6.0000     0.6210     2.9120     2.9120     0.0000
  1   0     5.9705     6.0000     0.0295     3.9581     3.9581     0.0000
  2   0     6.0265     6.0000    -0.0265     4.0867     4.0867     0.0000
  3   0     5.9698     6.0000     0.0302     3.8978     3.8978     0.0000
  4   0     6.0594     6.0000    -0.0594     3.8492     3.8492     0.0000
  5   0     6.0726     6.0000    -0.0726     4.1615     4.1615     0.0000
  6   0     5.9769     6.0000     0.0231     3.9743     3.9743     0.0000
  7   0     1.0555     1.0000    -0.0555     1.0010     1.0010     0.0000
  8   0     1.0442     1.0000    -0.0442     0.9846     0.9846     0.0000
  9   0     5.9658     6.0000     0.0342     4.0145     4.0145     0.0000
 10   0     0.9766     1.0000     0.0234     0.9656     0.9656     0.0000
 11   0     0.9743     1.0000     0.0257     0.9648     0.9648     0.0000
 12   0     6.0391     6.0000    -0.0391     4.1179     4.1179     0.0000
 13   0     0.9844     1.0000     0.0156     0.9645     0.9645     0.0000
 14   0     0.9822     1.0000     0.0178     0.9630     0.9630     0.0000
 15   0     6.0247     6.0000    -0.0247     4.1160     4.1160     0.0000
 16   0     0.9952     1.0000     0.0048     0.9670     0.9670     0.0000
 17   0     0.9952     1.0000     0.0048     0.9672     0.9672     0.0000
 18   0     5.9983     6.0000     0.0017     4.0186     4.0186     0.0000
 19   0     0.9829     1.0000     0.0171     0.9775     0.9775     0.0000
 20   0     0.9826     1.0000     0.0174     0.9773     0.9773     0.0000
 21   0     5.9543     6.0000     0.0457     4.0166     4.0166     0.0000
 22   0     0.9692     1.0000     0.0308     0.9691     0.9691     0.0000
 23   0     0.9697     1.0000     0.0303     0.9703     0.9703     0.0000
 24   0     6.0415     6.0000    -0.0415     4.1237     4.1236     0.0001
 25   0     0.9834     1.0000     0.0166     0.9621     0.9621     0.0000
 26   0     0.9818     1.0000     0.0182     0.9632     0.9632     0.0000
 27   0     5.9327     6.0000     0.0673     4.0024     3.9999     0.0025
 28   0     0.9936     1.0000     0.0064     0.9724     0.9720     0.0004
 29   0     0.9860     1.0000     0.0140     0.9652     0.9614     0.0038
 30   0     6.1132     6.0000    -0.1132     4.0043     3.2569     0.7474
 31   0     1.0179     1.0000    -0.0179     0.9897     0.9874     0.0023
 32   0     5.9592     6.0000     0.0408     4.0161     4.0136     0.0025
 33   0     0.9870     1.0000     0.0130     0.9642     0.9603     0.0039
 34   0     0.9960     1.0000     0.0040     0.9717     0.9714     0.0003
 35   0     6.0445     6.0000    -0.0445     4.1294     4.1293     0.0001
 36   0     0.9926     1.0000     0.0074     0.9653     0.9653     0.0000
 37   0     0.9917     1.0000     0.0083     0.9669     0.9669     0.0000
 38   0     6.0023     6.0000    -0.0023     4.0213     4.0213     0.0000
 39   0     0.9839     1.0000     0.0161     0.9771     0.9771     0.0000
 40   0     0.9841     1.0000     0.0159     0.9774     0.9774     0.0000
 41   0     6.5958     6.0000    -0.5958     3.4050     3.4050     0.0000
 42   0     1.0320     1.0000    -0.0320     1.0298     1.0298     0.0000
 43   0     0.9877     1.0000     0.0123     0.9734     0.9734    -0.0000
 44   0     0.9882     1.0000     0.0118     0.9735     0.9735     0.0000
 45   0     1.0561     1.0000    -0.0561     0.9793     0.9793     0.0000
      Bond orders larger than 0.1000000
           Atom A     A.N. of A          Atom B    A.N. of B              Bond order
                0             6               4            6                0.907512
                0             6              41            6                2.139456
                1             6               2            6                1.421964
                1             6               6            6                1.430690
                1             6              45            1                0.933184
                2             6               3            6                1.426292
                2             6               9            6                1.045052
                3             6               4            6                1.392614
                3             6               7            1                0.927675
                4             6               5            6                1.409622
                5             6               6            6                1.441725
                5             6              21            6                1.088113
                6             6               8            1                0.918517
                9             6              10            1                0.914820
                9             6              11            1                0.913461
                9             6              12            6                1.103730
               12             6              13            1                0.932002
               12             6              14            1                0.929501
               12             6              15            6                1.075133
               15             6              16            1                0.941385
               15             6              17            1                0.941299
               15             6              18            6                1.105684
               18             6              19            1                0.966508
               18             6              20            1                0.966603
               18             6              43            1                0.962142
               21             6              22            1                0.898433
               21             6              23            1                0.898203
               21             6              24            6                1.099741
               24             6              25            1                0.928642
               24             6              26            1                0.931078
               24             6              27            6                1.073083
               27             6              28            1                0.924344
               27             6              29            1                0.911296
               27             6              30            6                1.071870
               30             6              31            1                0.958628
               30             6              32            6                1.080074
               32             6              33            1                0.915625
               32             6              34            1                0.928282
               32             6              35            6                1.070949
               35             6              36            1                0.944476
               35             6              37            1                0.947372
               35             6              38            6                1.104741
               38             6              39            1                0.966727
               38             6              40            1                0.966444
               38             6              44            1                0.962772
               41             6              42            1                1.117178
# -----------------------------------------------------------
$ SCF_Electric_Properties
   description: The SCF Calculated Electric Properties
   geom. index: 2
   prop. index: 1
       Filename                          : opt_cc-pVDZ.scfp 
       Do Dipole Moment Calculation      : true 
       Do Quadrupole Moment Calculation  : false 
       Do Polarizability Calculation     : false 
** Dipole moment part of electric properties **
        Magnitude of dipole moment (Debye) :        0.5510449134
        Electronic Contribution:
                  0    
      0       4.215825
      1     -11.001649
      2      -0.145784
        Nuclear Contribution:
                  0    
      0      -4.427485
      1      11.003341
      2       0.098916
        Total Dipole moment:
                  0    
      0      -0.211660
      1       0.001692
      2      -0.046868
# -------------------------------------------------------------
----------------------- !GEOMETRIES! ------------------------
# -------------------------------------------------------------
------------------------ !GEOMETRY! -------------------------
    Number of atoms:    46 
    Geometry Index:     1 
    Coordinates:
               0 C      4.303993215033   -0.099043577842   -0.019986211215
               1 C      0.095378618442    0.041846533211   -0.250332057284
               2 C      0.727205933451   -1.205028151317   -0.115213906062
               3 C      2.122929460505   -1.212411005616   -0.043556462063
               4 C      2.874308149020   -0.020153776707   -0.101380327148
               5 C      2.228091359917    1.234157012781   -0.236580466627
               6 C      0.828539323862    1.228178254998   -0.309060471768
               7 H      2.668302762623   -2.150773112226    0.059971937972
               8 H      0.289670342253    2.170927803434   -0.414344689553
               9 C     -0.115666382219   -2.468406046966   -0.049588634463
              10 H     -0.784199269965   -2.484012671353   -0.930720169089
              11 H     -0.791676496029   -2.389160177063    0.822892821891
              12 C      0.636246674329   -3.799827210737    0.026362244829
              13 H      1.309911885566   -3.896981380694   -0.845049081553
              14 H      1.286422430197   -3.811727918312    0.920477309506
              15 C     -0.301843456867   -5.011707920584    0.074983237585
              16 H     -0.977280493809   -4.914794122705    0.945461275100
              17 H     -0.955452696180   -5.002514504882   -0.817198726415
              18 C      0.442406616679   -6.347211815102    0.151026762128
              19 H      1.079450464725   -6.399989628877    1.050834589984
              20 H      1.097598205043   -6.491214962536   -0.725436416800
              21 C      3.053157876992    2.505620742245   -0.293992727968
              22 H      3.669350631421    2.559915128829    0.622763515897
              23 H      3.788281941842    2.406080762865   -1.113865167243
              24 C      2.286495198042    3.819606694063   -0.461500812303
              25 H      1.683582432903    3.789096741582   -1.387366353903
              26 H      1.571864268490    3.952365695981    0.370089780989
              27 C      3.218416361689    5.039822771909   -0.514111587631
              28 H      3.844016347922    5.071238867212    0.400108497463
              29 H      3.946452978471    4.894522192306   -1.346231564672
              30 C      2.505213857419    6.343014434800   -0.678288819026
              31 H      1.561878904206    6.348292933436   -1.239679217910
              32 C      3.174852151822    7.653562711470   -0.417868578379
              33 H      3.874748329424    7.897347807069   -1.251684100154
              34 H      3.824892213179    7.567709986425    0.475950186246
              35 C      2.204128129094    8.830751115520   -0.238803117523
              36 H      1.570191903199    8.913845755215   -1.141091571505
              37 H      1.516815544520    8.605007835204    0.596373832894
              38 C      2.912091053739   10.163175778802    0.016523016789
              39 H      3.531850168685   10.118821297051    0.928896205298
              40 H      3.579243909191   10.430027486567   -0.821537228043
              41 C      5.515728033380   -0.175457008775    0.048576953829
              42 H      6.584103676328   -0.243307134945    0.110602552017
              43 H     -0.257066227643   -7.198161211336    0.187741021809
              44 H      2.190724535787   10.986727150305    0.143833384338
              45 H     -0.996406596677    0.085397835292   -0.311066260265
------------------------ !GEOMETRY! -------------------------
    Number of atoms:    46 
    Geometry Index:     2 
    Coordinates:
               0 C      4.302806328383   -0.098133727424   -0.018099638331
               1 C      0.094380038117    0.040825196956   -0.250085910213
               2 C      0.726644012055   -1.205803734088   -0.114693454631
               3 C      2.122362754067   -1.212548069992   -0.042464318824
               4 C      2.873073522566   -0.019870642449   -0.100081149613
               5 C      2.226449094904    1.234162327114   -0.235562375482
               6 C      0.826887968202    1.227636829541   -0.308565851274
               7 H      2.668260164119   -2.150561884023    0.061344150000
               8 H      0.287878210370    2.170265097510   -0.413988834189
               9 C     -0.115756790203   -2.469503636741   -0.049397697728
              10 H     -0.784433178403   -2.484995616920   -0.930400821468
              11 H     -0.791472361421   -2.391004577295    0.823363539595
              12 C      0.636858987700   -3.800618393526    0.025684908068
              13 H      1.310681342781   -3.896765191992   -0.845717798644
              14 H      1.286960228785   -3.812799107360    0.919850538517
              15 C     -0.300550571419   -5.013047407613    0.073307496466
              16 H     -0.976194981035   -4.917196133361    0.943742782293
              17 H     -0.954029664949   -5.003610383675   -0.818966471811
              18 C      0.444481749375   -6.348173647450    0.148493051915
              19 H      1.081376785990   -6.401245819627    1.048388763897
              20 H      1.099929419651   -6.491118343574   -0.727951752631
              21 C      3.051057055342    2.505911093213   -0.292904249984
              22 H      3.668166627458    2.559803024032    0.623235408958
              23 H      3.785388112806    2.407214002911   -1.113607250719
              24 C      2.283852333790    3.819751745729   -0.458943311056
              25 H      1.680300060828    3.789813120608   -1.384400474339
              26 H      1.569824111456    3.951823110068    0.373297492732
              27 C      3.215453983901    5.040203589724   -0.511554335354
              28 H      3.842152187494    5.071038654472    0.401947811971
              29 H      3.943060494008    4.895110917582   -1.344183064530
              30 C      2.502381053666    6.343513918205   -0.674881683899
              31 H      1.558196949486    6.349126289283   -1.234730018125
              32 C      3.174479944068    7.653419091951   -0.417956512046
              33 H      3.872970414843    7.894934121519   -1.253713561861
              34 H      3.826781346540    7.568284014328    0.474267598785
              35 C      2.206189499412    8.832604654982   -0.238777923623
              36 H      1.570047895353    8.914843789925   -1.139583974419
              37 H      1.520707547947    8.609628867959    0.598667577769
              38 C      2.916989992256   10.164337608030    0.011967782165
              39 H      3.538968054363   10.120938279404    0.922876857338
              40 H      3.582458622114   10.428329010290   -0.828333334705
              41 C      5.514547008931   -0.173962857737    0.051006247170
              42 H      6.582925244439   -0.241350762505    0.113495644962
              43 H     -0.254487509815   -7.199570613139    0.184421414902
              44 H      2.197278976140   10.989322657670    0.139373512024
              45 H     -0.997338796459    0.084217527485   -0.311252410030
