-------------------------------------------------------------
----------------------- !PROPERTIES! ------------------------
-------------------------------------------------------------
# -----------------------------------------------------------
$ PAL_Flags
   description: The PAL Flags
   geom. index: 1
   prop. index: 1
        Diskflag:     2
# -----------------------------------------------------------
$ SCF_Energy
   description: The SCF energy
   geom. index: 1
   prop. index: 1
        SCF Energy:     -739.7752332623
# -----------------------------------------------------------
$ DFT_Energy
   description: The DFT energy
   geom. index: 1
   prop. index: 1
   Number of Alpha Electrons                 71.0000374757 
   Number of Beta  Electrons                 70.0000273597 
   Total number of  Electrons               141.0000648354 
   Exchange energy                          -85.5541362154 
   Correlation energy                        -5.4176977629 
   Correlation energy NL                      0.0000000000 
   Exchange-Correlation energy              -90.9718339782 
   Embedding correction                       0.0000000000 
   Total DFT Energy (No VdW correction)    -739.7752332623 
# -----------------------------------------------------------
$ Mayer_Pop
   description: The Mayer population analysis
   geom. index: 1
   prop. index: 1
     Number of atoms                     : 46
     Threshold for printing              : 0.1000000
     Number of bond orders printed       : 50
  NA   - Mulliken gross atomic population
  ZA   - Total nuclear charge
  QA   - Mulliken gross atomic charge
  VA   - Mayer's total valence
  BVA  - Mayer's bonded valence
  FA   - Mayer's free valence
  ATOM       NA         ZA         QA         VA         BVA        FA
  0   0     5.9984     6.0000     0.0016     3.8169     3.8169     0.0000
  1   0     6.3304     6.0000    -0.3304     4.2470     4.2470     0.0000
  2   0     5.4895     6.0000     0.5105     3.7496     3.7496     0.0000
  3   0     6.4428     6.0000    -0.4428     4.3270     4.3270     0.0000
  4   0     5.5786     6.0000     0.4214     3.9442     3.9442     0.0000
  5   0     5.7159     6.0000     0.2841     3.8576     3.8576     0.0000
  6   0     6.2433     6.0000    -0.2433     4.1973     4.1973     0.0000
  7   0     0.8714     1.0000     0.1286     0.9652     0.9652     0.0000
  8   0     0.8862     1.0000     0.1138     0.9694     0.9694     0.0000
  9   0     6.3955     6.0000    -0.3955     4.0125     4.0125     0.0000
 10   0     0.8560     1.0000     0.1440     0.9653     0.9653     0.0000
 11   0     0.8522     1.0000     0.1478     0.9642     0.9642     0.0000
 12   0     6.2598     6.0000    -0.2598     4.0150     4.0150     0.0000
 13   0     0.8574     1.0000     0.1426     0.9664     0.9664     0.0000
 14   0     0.8609     1.0000     0.1391     0.9672     0.9672     0.0000
 15   0     6.2559     6.0000    -0.2559     3.8919     3.8919    -0.0000
 16   0     0.8599     1.0000     0.1401     0.9680     0.9680     0.0000
 17   0     0.8597     1.0000     0.1403     0.9678     0.9678     0.0000
 18   0     6.5072     6.0000    -0.5072     3.9002     3.9002    -0.0000
 19   0     0.8423     1.0000     0.1577     0.9658     0.9658    -0.0000
 20   0     0.8420     1.0000     0.1580     0.9656     0.9656    -0.0000
 21   0     6.3804     6.0000    -0.3804     4.0450     4.0450     0.0000
 22   0     0.8455     1.0000     0.1545     0.9622     0.9622     0.0000
 23   0     0.8481     1.0000     0.1519     0.9642     0.9642     0.0000
 24   0     6.2931     6.0000    -0.2931     4.0114     4.0112     0.0002
 25   0     0.8562     1.0000     0.1438     0.9677     0.9677     0.0000
 26   0     0.8465     1.0000     0.1535     0.9627     0.9627     0.0000
 27   0     6.2759     6.0000    -0.2759     3.9394     3.9371     0.0023
 28   0     0.8548     1.0000     0.1452     0.9692     0.9688     0.0004
 29   0     0.8549     1.0000     0.1451     0.9659     0.9626     0.0033
 30   0     6.1258     6.0000    -0.1258     3.8430     3.0603     0.7827
 31   0     0.8893     1.0000     0.1107     0.9814     0.9784     0.0030
 32   0     6.2817     6.0000    -0.2817     3.9562     3.9537     0.0025
 33   0     0.8549     1.0000     0.1451     0.9651     0.9617     0.0034
 34   0     0.8579     1.0000     0.1421     0.9698     0.9694     0.0004
 35   0     6.2667     6.0000    -0.2667     3.8998     3.8997     0.0001
 36   0     0.8558     1.0000     0.1442     0.9677     0.9677     0.0000
 37   0     0.8447     1.0000     0.1553     0.9629     0.9629     0.0000
 38   0     6.5071     6.0000    -0.5071     3.8932     3.8932     0.0000
 39   0     0.8419     1.0000     0.1581     0.9652     0.9652     0.0000
 40   0     0.8433     1.0000     0.1567     0.9661     0.9661     0.0000
 41   0     6.5414     6.0000    -0.5414     3.8945     3.8945     0.0000
 42   0     0.8201     1.0000     0.1799     0.9774     0.9774     0.0000
 43   0     0.8571     1.0000     0.1429     0.9670     0.9670    -0.0000
 44   0     0.8545     1.0000     0.1455     0.9669     0.9669     0.0000
 45   0     0.8972     1.0000     0.1028     0.9602     0.9602     0.0000
      Bond orders larger than 0.1000000
           Atom A     A.N. of A          Atom B    A.N. of B              Bond order
                0             6               4            6                0.915075
                0             6              41            6                2.695757
                1             6               2            6                1.370020
                1             6               3            6                0.119746
                1             6               5            6                0.106080
                1             6               6            6                1.484575
                1             6              45            1                0.982624
                2             6               3            6                1.446515
                2             6               4            6                0.107214
                2             6               9            6                0.897209
                3             6               4            6                1.424254
                3             6               7            1                0.982144
                4             6               5            6                1.382658
                4             6               6            6                0.111033
                5             6               6            6                1.422952
                5             6              21            6                0.946447
                6             6               8            1                0.979104
                9             6              10            1                0.969821
                9             6              11            1                0.967419
                9             6              12            6                1.020079
               12             6              13            1                0.963968
               12             6              14            1                0.960448
               12             6              15            6                0.984281
               15             6              16            1                0.972568
               15             6              17            1                0.971926
               15             6              18            6                0.956134
               18             6              19            1                0.972060
               18             6              20            1                0.971812
               18             6              43            1                0.968526
               21             6              22            1                0.956802
               21             6              23            1                0.958556
               21             6              24            6                1.007462
               24             6              25            1                0.965622
               24             6              26            1                0.957332
               24             6              27            6                0.977598
               27             6              28            1                0.969289
               27             6              29            1                0.955773
               27             6              30            6                0.976133
               30             6              31            1                1.006781
               30             6              32            6                0.979535
               32             6              33            1                0.956120
               32             6              34            1                0.974328
               32             6              35            6                0.981980
               35             6              36            1                0.976604
               35             6              37            1                0.972064
               35             6              38            6                0.957167
               38             6              39            1                0.971158
               38             6              40            1                0.973239
               38             6              44            1                0.968843
               41             6              42            1                0.984281
# -----------------------------------------------------------
$ PAL_Flags
   description: The PAL Flags
   geom. index: 2
   prop. index: 1
        Diskflag:     2
# -----------------------------------------------------------
$ SCF_Energy
   description: The SCF energy
   geom. index: 2
   prop. index: 1
        SCF Energy:     -739.7763555479
# -----------------------------------------------------------
$ DFT_Energy
   description: The DFT energy
   geom. index: 2
   prop. index: 1
   Number of Alpha Electrons                 71.0000339245 
   Number of Beta  Electrons                 70.0000241530 
   Total number of  Electrons               141.0000580775 
   Exchange energy                          -85.5779379913 
   Correlation energy                        -5.4183668939 
   Correlation energy NL                      0.0000000000 
   Exchange-Correlation energy              -90.9963048851 
   Embedding correction                       0.0000000000 
   Total DFT Energy (No VdW correction)    -739.7763555479 
# -----------------------------------------------------------
$ PAL_Flags
   description: The PAL Flags
   geom. index: 3
   prop. index: 1
        Diskflag:     2
# -----------------------------------------------------------
$ SCF_Energy
   description: The SCF energy
   geom. index: 3
   prop. index: 1
        SCF Energy:     -739.7764174164
# -----------------------------------------------------------
$ DFT_Energy
   description: The DFT energy
   geom. index: 3
   prop. index: 1
   Number of Alpha Electrons                 71.0000338628 
   Number of Beta  Electrons                 70.0000244331 
   Total number of  Electrons               141.0000582959 
   Exchange energy                          -85.5765708107 
   Correlation energy                        -5.4181047856 
   Correlation energy NL                      0.0000000000 
   Exchange-Correlation energy              -90.9946755962 
   Embedding correction                       0.0000000000 
   Total DFT Energy (No VdW correction)    -739.7764174164 
# -----------------------------------------------------------
$ PAL_Flags
   description: The PAL Flags
   geom. index: 4
   prop. index: 1
        Diskflag:     2
# -----------------------------------------------------------
$ SCF_Energy
   description: The SCF energy
   geom. index: 4
   prop. index: 1
        SCF Energy:     -739.7764307165
# -----------------------------------------------------------
$ DFT_Energy
   description: The DFT energy
   geom. index: 4
   prop. index: 1
   Number of Alpha Electrons                 71.0000331368 
   Number of Beta  Electrons                 70.0000238566 
   Total number of  Electrons               141.0000569934 
   Exchange energy                          -85.5743225903 
   Correlation energy                        -5.4178988994 
   Correlation energy NL                      0.0000000000 
   Exchange-Correlation energy              -90.9922214897 
   Embedding correction                       0.0000000000 
   Total DFT Energy (No VdW correction)    -739.7764307165 
# -----------------------------------------------------------
$ PAL_Flags
   description: The PAL Flags
   geom. index: 5
   prop. index: 1
        Diskflag:     2
# -----------------------------------------------------------
$ SCF_Energy
   description: The SCF energy
   geom. index: 5
   prop. index: 1
        SCF Energy:     -739.7764316727
# -----------------------------------------------------------
$ DFT_Energy
   description: The DFT energy
   geom. index: 5
   prop. index: 1
   Number of Alpha Electrons                 71.0000324179 
   Number of Beta  Electrons                 70.0000231581 
   Total number of  Electrons               141.0000555760 
   Exchange energy                          -85.5739370504 
   Correlation energy                        -5.4178779946 
   Correlation energy NL                      0.0000000000 
   Exchange-Correlation energy              -90.9918150450 
   Embedding correction                       0.0000000000 
   Total DFT Energy (No VdW correction)    -739.7764316727 
# -----------------------------------------------------------
$ PAL_Flags
   description: The PAL Flags
   geom. index: 6
   prop. index: 1
        Diskflag:     2
# -----------------------------------------------------------
$ SCF_Energy
   description: The SCF energy
   geom. index: 6
   prop. index: 1
        SCF Energy:     -739.7764311888
# -----------------------------------------------------------
$ DFT_Energy
   description: The DFT energy
   geom. index: 6
   prop. index: 1
   Number of Alpha Electrons                 71.0000318854 
   Number of Beta  Electrons                 70.0000225269 
   Total number of  Electrons               141.0000544124 
   Exchange energy                          -85.5740251490 
   Correlation energy                        -5.4178932067 
   Correlation energy NL                      0.0000000000 
   Exchange-Correlation energy              -90.9919183556 
   Embedding correction                       0.0000000000 
   Total DFT Energy (No VdW correction)    -739.7764311888 
# -----------------------------------------------------------
$ Mayer_Pop
   description: The Mayer population analysis
   geom. index: 6
   prop. index: 1
     Number of atoms                     : 46
     Threshold for printing              : 0.1000000
     Number of bond orders printed       : 50
  NA   - Mulliken gross atomic population
  ZA   - Total nuclear charge
  QA   - Mulliken gross atomic charge
  VA   - Mayer's total valence
  BVA  - Mayer's bonded valence
  FA   - Mayer's free valence
  ATOM       NA         ZA         QA         VA         BVA        FA
  0   0     6.0040     6.0000    -0.0040     3.8149     3.8149     0.0000
  1   0     6.3287     6.0000    -0.3287     4.2394     4.2394     0.0000
  2   0     5.5012     6.0000     0.4988     3.7533     3.7533     0.0000
  3   0     6.4367     6.0000    -0.4367     4.3167     4.3167     0.0000
  4   0     5.5813     6.0000     0.4187     3.9271     3.9271     0.0000
  5   0     5.7240     6.0000     0.2760     3.8557     3.8557     0.0000
  6   0     6.2413     6.0000    -0.2413     4.1897     4.1897     0.0000
  7   0     0.8698     1.0000     0.1302     0.9647     0.9647     0.0000
  8   0     0.8842     1.0000     0.1158     0.9689     0.9689     0.0000
  9   0     6.3977     6.0000    -0.3977     4.0082     4.0082     0.0000
 10   0     0.8536     1.0000     0.1464     0.9647     0.9647     0.0000
 11   0     0.8493     1.0000     0.1507     0.9634     0.9634     0.0000
 12   0     6.2655     6.0000    -0.2655     4.0105     4.0105     0.0000
 13   0     0.8539     1.0000     0.1461     0.9655     0.9655     0.0000
 14   0     0.8586     1.0000     0.1414     0.9668     0.9668     0.0000
 15   0     6.2646     6.0000    -0.2646     3.8909     3.8909    -0.0000
 16   0     0.8570     1.0000     0.1430     0.9673     0.9673     0.0000
 17   0     0.8566     1.0000     0.1434     0.9671     0.9671     0.0000
 18   0     6.5100     6.0000    -0.5100     3.8996     3.8996    -0.0000
 19   0     0.8401     1.0000     0.1599     0.9653     0.9653     0.0000
 20   0     0.8398     1.0000     0.1602     0.9650     0.9650    -0.0000
 21   0     6.3825     6.0000    -0.3825     4.0414     4.0414     0.0000
 22   0     0.8434     1.0000     0.1566     0.9617     0.9617     0.0000
 23   0     0.8451     1.0000     0.1549     0.9632     0.9632     0.0000
 24   0     6.2997     6.0000    -0.2997     4.0079     4.0078     0.0001
 25   0     0.8539     1.0000     0.1461     0.9672     0.9672     0.0000
 26   0     0.8432     1.0000     0.1568     0.9620     0.9620     0.0000
 27   0     6.2784     6.0000    -0.2784     3.9343     3.9320     0.0023
 28   0     0.8517     1.0000     0.1483     0.9685     0.9681     0.0004
 29   0     0.8521     1.0000     0.1479     0.9652     0.9622     0.0030
 30   0     6.1338     6.0000    -0.1338     3.8410     3.0495     0.7915
 31   0     0.8866     1.0000     0.1134     0.9810     0.9780     0.0030
 32   0     6.2844     6.0000    -0.2844     3.9512     3.9487     0.0025
 33   0     0.8517     1.0000     0.1483     0.9643     0.9613     0.0030
 34   0     0.8550     1.0000     0.1450     0.9691     0.9688     0.0003
 35   0     6.2754     6.0000    -0.2754     3.8985     3.8984     0.0001
 36   0     0.8529     1.0000     0.1471     0.9670     0.9670     0.0000
 37   0     0.8419     1.0000     0.1581     0.9623     0.9623     0.0000
 38   0     6.5102     6.0000    -0.5102     3.8928     3.8928     0.0000
 39   0     0.8397     1.0000     0.1603     0.9646     0.9646     0.0000
 40   0     0.8412     1.0000     0.1588     0.9655     0.9655     0.0000
 41   0     6.5368     6.0000    -0.5368     3.8962     3.8962     0.0000
 42   0     0.8188     1.0000     0.1812     0.9773     0.9773     0.0000
 43   0     0.8554     1.0000     0.1446     0.9666     0.9666     0.0000
 44   0     0.8528     1.0000     0.1472     0.9665     0.9665     0.0000
 45   0     0.8956     1.0000     0.1044     0.9598     0.9598     0.0000
      Bond orders larger than 0.1000000
           Atom A     A.N. of A          Atom B    A.N. of B              Bond order
                0             6               4            6                0.910862
                0             6              41            6                2.702009
                1             6               2            6                1.372290
                1             6               3            6                0.117843
                1             6               5            6                0.102161
                1             6               6            6                1.483418
                1             6              45            1                0.982009
                2             6               3            6                1.446368
                2             6               4            6                0.103012
                2             6               9            6                0.898790
                3             6               4            6                1.422308
                3             6               7            1                0.980962
                4             6               5            6                1.380429
                4             6               6            6                0.107606
                5             6               6            6                1.423081
                5             6              21            6                0.946410
                6             6               8            1                0.977925
                9             6              10            1                0.970124
                9             6              11            1                0.967199
                9             6              12            6                1.018634
               12             6              13            1                0.965267
               12             6              14            1                0.960760
               12             6              15            6                0.982571
               15             6              16            1                0.973239
               15             6              17            1                0.972428
               15             6              18            6                0.956382
               18             6              19            1                0.972121
               18             6              20            1                0.971872
               18             6              43            1                0.968666
               21             6              22            1                0.956594
               21             6              23            1                0.958887
               21             6              24            6                1.006483
               24             6              25            1                0.966099
               24             6              26            1                0.958326
               24             6              27            6                0.976581
               27             6              28            1                0.970057
               27             6              29            1                0.957128
               27             6              30            6                0.972634
               30             6              31            1                1.006469
               30             6              32            6                0.976820
               32             6              33            1                0.957449
               32             6              34            1                0.975057
               32             6              35            6                0.980714
               35             6              36            1                0.976989
               35             6              37            1                0.972405
               35             6              38            6                0.957297
               38             6              39            1                0.971225
               38             6              40            1                0.973278
               38             6              44            1                0.968948
               41             6              42            1                0.983385
# -----------------------------------------------------------
$ SCF_Electric_Properties
   description: The SCF Calculated Electric Properties
   geom. index: 6
   prop. index: 1
       Filename                          : opt_EPRII.scfp 
       Do Dipole Moment Calculation      : true 
       Do Quadrupole Moment Calculation  : false 
       Do Polarizability Calculation     : false 
** Dipole moment part of electric properties **
        Magnitude of dipole moment (Debye) :        0.6600649807
        Electronic Contribution:
                  0    
      0       4.185852
      1     -11.022985
      2      -0.476105
        Nuclear Contribution:
                  0    
      0      -4.438129
      1      11.046889
      2       0.419350
        Total Dipole moment:
                  0    
      0      -0.252276
      1       0.023904
      2      -0.056755
# -------------------------------------------------------------
----------------------- !GEOMETRIES! ------------------------
# -------------------------------------------------------------
------------------------ !GEOMETRY! -------------------------
    Number of atoms:    46 
    Geometry Index:     1 
    Coordinates:
               0 C      4.303993215033   -0.099043577842   -0.019986211215
               1 C      0.095378618442    0.041846533211   -0.250332057284
               2 C      0.727205933451   -1.205028151317   -0.115213906062
               3 C      2.122929460505   -1.212411005616   -0.043556462063
               4 C      2.874308149020   -0.020153776707   -0.101380327148
               5 C      2.228091359917    1.234157012781   -0.236580466627
               6 C      0.828539323862    1.228178254998   -0.309060471768
               7 H      2.668302762623   -2.150773112226    0.059971937972
               8 H      0.289670342253    2.170927803434   -0.414344689553
               9 C     -0.115666382219   -2.468406046966   -0.049588634463
              10 H     -0.784199269965   -2.484012671353   -0.930720169089
              11 H     -0.791676496029   -2.389160177063    0.822892821891
              12 C      0.636246674329   -3.799827210737    0.026362244829
              13 H      1.309911885566   -3.896981380694   -0.845049081553
              14 H      1.286422430197   -3.811727918312    0.920477309506
              15 C     -0.301843456867   -5.011707920584    0.074983237585
              16 H     -0.977280493809   -4.914794122705    0.945461275100
              17 H     -0.955452696180   -5.002514504882   -0.817198726415
              18 C      0.442406616679   -6.347211815102    0.151026762128
              19 H      1.079450464725   -6.399989628877    1.050834589984
              20 H      1.097598205043   -6.491214962536   -0.725436416800
              21 C      3.053157876992    2.505620742245   -0.293992727968
              22 H      3.669350631421    2.559915128829    0.622763515897
              23 H      3.788281941842    2.406080762865   -1.113865167243
              24 C      2.286495198042    3.819606694063   -0.461500812303
              25 H      1.683582432903    3.789096741582   -1.387366353903
              26 H      1.571864268490    3.952365695981    0.370089780989
              27 C      3.218416361689    5.039822771909   -0.514111587631
              28 H      3.844016347922    5.071238867212    0.400108497463
              29 H      3.946452978471    4.894522192306   -1.346231564672
              30 C      2.505213857419    6.343014434800   -0.678288819026
              31 H      1.561878904206    6.348292933436   -1.239679217910
              32 C      3.174852151822    7.653562711470   -0.417868578379
              33 H      3.874748329424    7.897347807069   -1.251684100154
              34 H      3.824892213179    7.567709986425    0.475950186246
              35 C      2.204128129094    8.830751115520   -0.238803117523
              36 H      1.570191903199    8.913845755215   -1.141091571505
              37 H      1.516815544520    8.605007835204    0.596373832894
              38 C      2.912091053739   10.163175778802    0.016523016789
              39 H      3.531850168685   10.118821297051    0.928896205298
              40 H      3.579243909191   10.430027486567   -0.821537228043
              41 C      5.515728033380   -0.175457008775    0.048576953829
              42 H      6.584103676328   -0.243307134945    0.110602552017
              43 H     -0.257066227643   -7.198161211336    0.187741021809
              44 H      2.190724535787   10.986727150305    0.143833384338
              45 H     -0.996406596677    0.085397835292   -0.311066260265
------------------------ !GEOMETRY! -------------------------
    Number of atoms:    46 
    Geometry Index:     2 
    Coordinates:
               0 C      4.305985791889   -0.104484976564   -0.026812884769
               1 C      0.089800522820    0.037846587167   -0.268242879575
               2 C      0.722873843886   -1.212305628256   -0.127912318922
               3 C      2.121712228639   -1.220077822122   -0.053648493145
               4 C      2.874204476974   -0.025047486391   -0.113107393809
               5 C      2.228445876040    1.232299518070   -0.251374748133
               6 C      0.825559405399    1.227399038191   -0.327881660691
               7 H      2.663366732966   -2.153788957039    0.053477491447
               8 H      0.290706578371    2.165768113359   -0.434631116045
               9 C     -0.122278150034   -2.477655778860   -0.055864628535
              10 H     -0.786079606598   -2.498902078240   -0.932319032690
              11 H     -0.793052961188   -2.395061817495    0.812112836267
              12 C      0.633379635002   -3.810741815377    0.027806756899
              13 H      1.301826672533   -3.912587706651   -0.838608657205
              14 H      1.279940958116   -3.816481415466    0.916379682843
              15 C     -0.304915520766   -5.026741304572    0.085741816441
              16 H     -0.975123478169   -4.925751680061    0.950992018465
              17 H     -0.954473403365   -5.025553365762   -0.800843945095
              18 C      0.443813556465   -6.364565763692    0.171471083431
              19 H      1.077091796265   -6.408468910976    1.065382696362
              20 H      1.094309179596   -6.512194981817   -0.698626964866
              21 C      3.055581214768    2.506398168172   -0.304975172409
              22 H      3.665615357196    2.559224362290    0.608125439248
              23 H      3.786387554779    2.410564303038   -1.120439471401
              24 C      2.285282676193    3.822315567071   -0.470105124999
              25 H      1.688574848831    3.794907913831   -1.392208858268
              26 H      1.573657060677    3.950734740528    0.355916917725
              27 C      3.218320955752    5.046080552139   -0.515934639131
              28 H      3.836236256982    5.074025862514    0.395266902039
              29 H      3.943991897437    4.904583254796   -1.341531063863
              30 C      2.503664466116    6.353800985352   -0.678025367166
              31 H      1.566879387554    6.361459442854   -1.237448243720
              32 C      3.176767228345    7.666751823100   -0.412084056959
              33 H      3.873591577063    7.910482132159   -1.238915934406
              34 H      3.819759106445    7.578593646123    0.477786574748
              35 C      2.206270585828    8.849099413679   -0.231146448890
              36 H      1.578270912940    8.935766904972   -1.128514561434
              37 H      1.522479995589    8.625008149770    0.597875741154
              38 C      2.919585429592   10.183122685542    0.029160721200
              39 H      3.534250822875   10.134199962107    0.935799959602
              40 H      3.583646654746   10.447848379058   -0.802375486457
              41 C      5.521565865836   -0.179806400182    0.045959100191
              42 H      6.583000968494   -0.246111230772    0.111069830384
              43 H     -0.249778980309   -7.211227368919    0.214655980183
              44 H      2.204819595766   11.003169350039    0.157256869873
              45 H     -0.996571304334    0.081283623294   -0.330724865918
------------------------ !GEOMETRY! -------------------------
    Number of atoms:    46 
    Geometry Index:     3 
    Coordinates:
               0 C      4.305799326604   -0.107190690618   -0.029066071647
               1 C      0.088597520088    0.038711970747   -0.277688952999
               2 C      0.721080458789   -1.212377473550   -0.133593283795
               3 C      2.120487460552   -1.222023513269   -0.056865702330
               4 C      2.873571565372   -0.026679022128   -0.116784019860
               5 C      2.229629821976    1.231514602822   -0.258327967233
               6 C      0.826091710364    1.228488606487   -0.338021579661
               7 H      2.660446527938   -2.156052908889    0.052202810597
               8 H      0.293128233223    2.167127052514   -0.447797910930
               9 C     -0.125925388610   -2.477411844128   -0.059240076725
              10 H     -0.787756444567   -2.501412800550   -0.936010658303
              11 H     -0.794564936709   -2.393382918098    0.809094607283
              12 C      0.633272230774   -3.810026696255    0.027901869171
              13 H      1.299164302013   -3.914452576695   -0.839075926648
              14 H      1.279313103364   -3.812246398425    0.915812178355
              15 C     -0.305875157542   -5.026987224572    0.091526738296
              16 H     -0.973675918478   -4.923730921740    0.957236658515
              17 H     -0.954568483523   -5.030779459662   -0.794580011448
              18 C      0.446678327390   -6.364623521911    0.182392314214
              19 H      1.080126829257   -6.402034107433    1.075621732100
              20 H      1.095697712294   -6.513522396111   -0.687721105016
              21 C      3.058588143803    2.505534034443   -0.311723451971
              22 H      3.666660291259    2.558379082157    0.601589941432
              23 H      3.787072482687    2.410746927360   -1.128233257350
              24 C      2.284701374846    3.821173808153   -0.475751024198
              25 H      1.690575447264    3.794963715206   -1.398563546907
              26 H      1.573696088634    3.947418416768    0.350066605874
              27 C      3.219103309631    5.045774540262   -0.517873081513
              28 H      3.832926949936    5.072623166154    0.395013781888
              29 H      3.944687196616    4.906269625279   -1.342128053303
              30 C      2.502299257218    6.354493714049   -0.679591290961
              31 H      1.566385165757    6.363080891521   -1.239300673545
              32 C      3.177172488085    7.667809785446   -0.409431973168
              33 H      3.872661691300    7.913509942799   -1.234967820802
              34 H      3.817072342757    7.577636437747    0.481262341600
              35 C      2.204641904689    8.850156947166   -0.226317013565
              36 H      1.578604288298    8.939629844310   -1.123676927691
              37 H      1.522294019337    8.624990815222    0.602454509847
              38 C      2.920837623896   10.184224877958    0.037590300614
              39 H      3.534909688859   10.130832926577    0.943531837232
              40 H      3.584135460769   10.448977325916   -0.793631581241
              41 C      5.521957905466   -0.181733050663    0.044838560177
              42 H      6.583536516311   -0.247458511465    0.110921335964
              43 H     -0.245776400313   -7.211196094295    0.229961333519
              44 H      2.206593575149   11.003570899682    0.167815648620
              45 H     -0.997111342822    0.082860163711   -0.342937742490
------------------------ !GEOMETRY! -------------------------
    Number of atoms:    46 
    Geometry Index:     4 
    Coordinates:
               0 C      4.305474355849   -0.107239523611   -0.030612905942
               1 C      0.088902545366    0.038471704020   -0.288193738190
               2 C      0.721149680098   -1.212346502926   -0.139367905393
               3 C      2.120536051733   -1.222655990408   -0.060037214001
               4 C      2.873205512772   -0.027055149212   -0.121636211215
               5 C      2.230222479238    1.230958980352   -0.266919657859
               6 C      0.826675292190    1.228337276147   -0.349806668352
               7 H      2.659738132098   -2.156715484611    0.052233685263
               8 H      0.294379526149    2.166971788260   -0.462973026646
               9 C     -0.127199742243   -2.477050072688   -0.062138431543
              10 H     -0.787979676903   -2.503653830663   -0.939461147118
              11 H     -0.794072208185   -2.391163909438    0.807223351885
              12 C      0.633614055886   -3.809517106980    0.028316170756
              13 H      1.296880424235   -3.917270528998   -0.840132395330
              14 H      1.279914299473   -3.808745069403    0.915896821458
              15 C     -0.306851154914   -5.026078561059    0.098117063959
              16 H     -0.972244408093   -4.919720047887    0.965197376293
              17 H     -0.955567340965   -5.034239248585   -0.787840152711
              18 C      0.447621637541   -6.363566322790    0.193754298147
              19 H      1.082116050020   -6.395042282381    1.086501685725
              20 H      1.094897857532   -6.514588548310   -0.677332316291
              21 C      3.060152510554    2.505064799870   -0.320814537406
              22 H      3.667860447278    2.557725390196    0.592569753641
              23 H      3.786114028698    2.411295811541   -1.139527320551
              24 C      2.283973771807    3.820641466487   -0.482715270275
              25 H      1.691706381556    3.796268162068   -1.406643174088
              26 H      1.573473177560    3.944630355992    0.343753394603
              27 C      3.219403394450    5.045587935891   -0.520948308735
              28 H      3.829679303815    5.071157315179    0.394204850889
              29 H      3.945443895883    4.908246558142   -1.344768001802
              30 C      2.501141611482    6.354766016822   -0.681556423690
              31 H      1.565574835900    6.364675575483   -1.241785071532
              32 C      3.177448430656    7.667480070623   -0.406852287944
              33 H      3.871986559674    7.915781109532   -1.232004269951
              34 H      3.815048872240    7.574338636528    0.485015332233
              35 C      2.203582241741    8.849214070553   -0.220388316666
              36 H      1.578706185462    8.942215298214   -1.118104787878
              37 H      1.522445704940    8.622130725269    0.608779055468
              38 C      2.922020442903   10.182505517317    0.047707906521
              39 H      3.536277831411   10.123927796943    0.953233421998
              40 H      3.584548730743   10.448208267233   -0.783855559884
              41 C      5.521618796399   -0.179480524466    0.046003989686
              42 H      6.583296262229   -0.243438218336    0.114466600768
              43 H     -0.245015493019   -7.209814696061    0.246225246223
              44 H      2.207754011784   11.001441950899    0.181129009484
              45 H     -0.996711035024    0.082517029252   -0.355979514007
------------------------ !GEOMETRY! -------------------------
    Number of atoms:    46 
    Geometry Index:     5 
    Coordinates:
               0 C      4.305630396851   -0.106492060742   -0.030273391247
               1 C      0.089755137011    0.037888881692   -0.292998678241
               2 C      0.721991510144   -1.212402768688   -0.141366442548
               3 C      2.121169340571   -1.222528662311   -0.060310549663
               4 C      2.873404703913   -0.026810527855   -0.122628761002
               5 C      2.230514085652    1.230753893152   -0.270815961121
               6 C      0.827173984917    1.227739835691   -0.355612304606
               7 H      2.660306847904   -2.156468586272    0.053872750477
               8 H      0.294811215724    2.166154763274   -0.471092558315
               9 C     -0.126745677493   -2.476890054917   -0.062859132089
              10 H     -0.787503057738   -2.504214967462   -0.940249328907
              11 H     -0.792839118947   -2.390178339948    0.807123056631
              12 C      0.633735584017   -3.809588328528    0.028531650686
              13 H      1.295580451129   -3.918919421908   -0.840908431196
              14 H      1.280633412562   -3.808005031114    0.915766503962
              15 C     -0.307464682862   -5.025464802673    0.101187834805
              16 H     -0.971528090467   -4.917514365825    0.969197334419
              17 H     -0.956725109562   -5.034988885842   -0.784462923219
              18 C      0.446821598905   -6.363132120020    0.198290229525
              19 H      1.082312098449   -6.392568497843    1.090505543412
              20 H      1.092818313050   -6.515432197333   -0.673635780341
              21 C      3.060478026455    2.504892163672   -0.325952885198
              22 H      3.669282400354    2.557448158075    0.586760597737
              23 H      3.784630702791    2.411424787228   -1.146403041764
              24 C      2.283857842110    3.820560504933   -0.486169414559
              25 H      1.692055227217    3.797381784908   -1.410515247475
              26 H      1.573641092876    3.943260284360    0.340833566936
              27 C      3.219285415997    5.045687089210   -0.522502275347
              28 H      3.828017582452    5.070748405367    0.393776433577
              29 H      3.945880049932    4.909462545282   -1.346124476439
              30 C      2.500688375940    6.354839339181   -0.682508362370
              31 H      1.565308158082    6.365389104168   -1.243159915607
              32 C      3.177293489884    7.667033445497   -0.405780484594
              33 H      3.871568461787    7.916591807523   -1.230886385571
              34 H      3.814133856840    7.572286623820    0.486544248999
              35 C      2.203302265943    8.848460408457   -0.217532486158
              36 H      1.578696964416    8.943157592391   -1.115366189752
              37 H      1.522609662074    8.620327632770    0.611825242607
              38 C      2.922300544582   10.181247074373    0.052530921974
              39 H      3.536880476316   10.120304300263    0.957788710196
              40 H      3.584342101451   10.447741978765   -0.779278544441
              41 C      5.521693388964   -0.176962525115    0.047412921893
              42 H      6.583433727249   -0.239642982806    0.116822687636
              43 H     -0.246368031677   -7.208898517642    0.253179636006
              44 H      2.207947513483   10.999952421434    0.187727687892
              45 H     -0.995867969246    0.081546809358   -0.362349207603
------------------------ !GEOMETRY! -------------------------
    Number of atoms:    46 
    Geometry Index:     6 
    Coordinates:
               0 C      4.305985406635   -0.105874455955   -0.029653521392
               1 C      0.090699246668    0.037263080325   -0.298425439783
               2 C      0.722838469038   -1.212509430742   -0.143433016282
               3 C      2.121823116544   -1.222353903950   -0.060560554195
               4 C      2.873890433268   -0.026682531427   -0.124255622462
               5 C      2.231004110769    1.230472768252   -0.275467150366
               6 C      0.827865866295    1.227033894857   -0.362236858775
               7 H      2.660870458664   -2.156090066236    0.056150624037
               8 H      0.295461671747    2.165178692957   -0.480161813245
               9 C     -0.126128819609   -2.476690585080   -0.063131239833
              10 H     -0.787452909132   -2.504634352583   -0.940124840902
              11 H     -0.791368007908   -2.388970229941    0.807486143730
              12 C      0.633682051909   -3.809663967081    0.028958003715
              13 H      1.294140173693   -3.920458898939   -0.841430948783
              14 H      1.281606434876   -3.807373883416    0.915508352654
              15 C     -0.308038175152   -5.024870600579    0.104541481681
              16 H     -0.970724966227   -4.915340627931    0.973473381387
              17 H     -0.958336958282   -5.035404794614   -0.780405001994
              18 C      0.445654384514   -6.362799021128    0.202587858807
              19 H      1.082504604537   -6.390812055944    1.093931104862
              20 H      1.090103541233   -6.516615774315   -0.670269997618
              21 C      3.060856602369    2.504572503327   -0.332047069377
              22 H      3.671819313503    2.556613763219    0.579279970561
              23 H      3.782777147405    2.411540761234   -1.154603108045
              24 C      2.284066797223    3.820430644357   -0.489594248867
              25 H      1.692076371335    3.798850313018   -1.413923729932
              26 H      1.574296839471    3.941466754393    0.338106502950
              27 C      3.219136261764    5.045824737570   -0.524035467909
              28 H      3.826920007133    5.070206147027    0.392950637394
              29 H      3.946282247812    4.910856487501   -1.347478079931
              30 C      2.500374612258    6.354923764126   -0.683024078993
              31 H      1.565155388729    6.366079301369   -1.244009577152
              32 C      3.176931144214    7.666666129337   -0.404513864223
              33 H      3.870990531803    7.917443223153   -1.229533363242
              34 H      3.813573687040    7.570441641689    0.487853677419
              35 C      2.203061216769    8.847819107862   -0.214382515400
              36 H      1.578353760424    8.943933488287   -1.112062516098
              37 H      1.522732129779    8.618580189184    0.615038256995
              38 C      2.922169425743   10.180213322286    0.057374645227
              39 H      3.537268189467   10.117478637682    0.962211073883
              40 H      3.583604592647   10.447822558577   -0.774612388413
              41 C      5.521960966383   -0.174530233446    0.049890326629
              42 H      6.583671849086   -0.236014699931    0.120930624764
              43 H     -0.248061704125   -7.208012952033    0.259966103579
              44 H      2.207736282346   10.998599886974    0.194365688826
              45 H     -0.994889524660    0.080569256708   -0.369294045889
