-------------------------------------------------------------
----------------------- !PROPERTIES! ------------------------
-------------------------------------------------------------
# -----------------------------------------------------------
$ PAL_Flags
   description: The PAL Flags
   geom. index: 1
   prop. index: 1
        Diskflag:     2
# -----------------------------------------------------------
$ SCF_Energy
   description: The SCF energy
   geom. index: 1
   prop. index: 1
        SCF Energy:     -697.9677120118
# -----------------------------------------------------------
$ DFT_Energy
   description: The DFT energy
   geom. index: 1
   prop. index: 1
   Number of Alpha Electrons                 65.0001359939 
   Number of Beta  Electrons                 64.0001263943 
   Total number of  Electrons               129.0002623882 
   Exchange energy                          -79.8263004226 
   Correlation energy                        -4.9898326909 
   Correlation energy NL                      0.0000000000 
   Exchange-Correlation energy              -84.8161331136 
   Embedding correction                       0.0000000000 
   Total DFT Energy (No VdW correction)    -697.9677120118 
# -----------------------------------------------------------
$ Mayer_Pop
   description: The Mayer population analysis
   geom. index: 1
   prop. index: 1
     Number of atoms                     : 39
     Threshold for printing              : 0.1000000
     Number of bond orders printed       : 39
  NA   - Mulliken gross atomic population
  ZA   - Total nuclear charge
  QA   - Mulliken gross atomic charge
  VA   - Mayer's total valence
  BVA  - Mayer's bonded valence
  FA   - Mayer's free valence
  ATOM       NA         ZA         QA         VA         BVA        FA
  0   0     6.6006     6.0000    -0.6006     3.3879     3.3810     0.0069
  1   0     5.3677     6.0000     0.6323     2.8670     2.8654     0.0016
  2   0     5.3747     6.0000     0.6253     2.8963     2.8959     0.0004
  3   0     6.0495     6.0000    -0.0495     3.7450     3.7096     0.0354
  4   0     5.9194     6.0000     0.0806     4.1150     4.1002     0.0148
  5   0     6.0117     6.0000    -0.0117     3.8601     3.8260     0.0341
  6   0     6.0228     6.0000    -0.0228     3.8142     3.8069     0.0073
  7   0     6.0767     6.0000    -0.0767     4.1247     4.0859     0.0388
  8   0     5.9738     6.0000     0.0262     3.8907     3.8825     0.0082
  9   0     1.0494     1.0000    -0.0494     1.0024     1.0023     0.0001
 10   0     1.0503     1.0000    -0.0503     1.0029     1.0029     0.0000
 11   0     6.0981     6.0000    -0.0981     3.9296     3.5553     0.3743
 12   0     1.0215     1.0000    -0.0215     1.0092     1.0080     0.0012
 13   0     5.9671     6.0000     0.0329     4.0105     4.0090     0.0015
 14   0     0.9706     1.0000     0.0294     0.9627     0.9616     0.0011
 15   0     0.9706     1.0000     0.0294     0.9627     0.9616     0.0011
 16   0     6.0382     6.0000    -0.0382     4.1311     4.1311     0.0000
 17   0     0.9870     1.0000     0.0130     0.9642     0.9642     0.0000
 18   0     0.9870     1.0000     0.0130     0.9641     0.9641     0.0000
 19   0     5.9939     6.0000     0.0061     4.0163     4.0163     0.0000
 20   0     0.9825     1.0000     0.0175     0.9775     0.9775     0.0000
 21   0     0.9825     1.0000     0.0175     0.9775     0.9775     0.0000
 22   0     5.9568     6.0000     0.0432     4.0288     4.0286     0.0002
 23   0     0.9680     1.0000     0.0320     0.9696     0.9695     0.0001
 24   0     0.9680     1.0000     0.0320     0.9697     0.9696     0.0001
 25   0     6.0363     6.0000    -0.0363     4.1150     4.1150     0.0000
 26   0     0.9833     1.0000     0.0167     0.9629     0.9629     0.0000
 27   0     0.9832     1.0000     0.0168     0.9628     0.9628     0.0000
 28   0     6.0239     6.0000    -0.0239     4.1175     4.1175     0.0000
 29   0     0.9940     1.0000     0.0060     0.9674     0.9674     0.0000
 30   0     0.9940     1.0000     0.0060     0.9674     0.9674     0.0000
 31   0     5.9963     6.0000     0.0037     4.0169     4.0169     0.0000
 32   0     0.9829     1.0000     0.0171     0.9773     0.9773     0.0000
 33   0     0.9829     1.0000     0.0171     0.9773     0.9773     0.0000
 34   0     6.6015     6.0000    -0.6015     3.3909     3.3894     0.0015
 35   0     1.0302     1.0000    -0.0302     1.0305     1.0305     0.0000
 36   0     1.0291     1.0000    -0.0291     1.0304     1.0304     0.0000
 37   0     0.9865     1.0000     0.0135     0.9733     0.9733     0.0000
 38   0     0.9874     1.0000     0.0126     0.9734     0.9734     0.0000
      Bond orders larger than 0.1000000
           Atom A     A.N. of A          Atom B    A.N. of B              Bond order
                0             6               1            6                2.098986
                0             6              35            1                1.119725
                1             6               3            6                0.906464
                2             6               6            6                0.902637
                2             6              34            6                2.125238
                3             6               4            6                1.276980
                3             6               8            6                1.395271
                4             6               5            6                1.284796
                4             6              11            6                1.368488
                5             6               6            6                1.440480
                5             6               9            1                0.919975
                6             6               7            6                1.342439
                7             6               8            6                1.409112
                7             6              22            6                1.092434
                8             6              10            1                0.921501
               11             6              12            1                0.902842
               11             6              13            6                1.083690
               13             6              14            1                0.911699
               13             6              15            1                0.911690
               13             6              16            6                1.071574
               16             6              17            1                0.943753
               16             6              18            1                0.943719
               16             6              19            6                1.106514
               19             6              20            1                0.965335
               19             6              21            1                0.965336
               19             6              37            1                0.960846
               22             6              23            1                0.896881
               22             6              24            1                0.896884
               22             6              25            6                1.103481
               25             6              26            1                0.929420
               25             6              27            1                0.929293
               25             6              28            6                1.075162
               28             6              29            1                0.940997
               28             6              30            1                0.940985
               28             6              31            6                1.106031
               31             6              32            1                0.966205
               31             6              33            1                0.966212
               31             6              38            1                0.961687
               34             6              36            1                1.118528
# -----------------------------------------------------------
$ PAL_Flags
   description: The PAL Flags
   geom. index: 2
   prop. index: 1
        Diskflag:     2
# -----------------------------------------------------------
$ SCF_Energy
   description: The SCF energy
   geom. index: 2
   prop. index: 1
        SCF Energy:     -697.9677125890
# -----------------------------------------------------------
$ DFT_Energy
   description: The DFT energy
   geom. index: 2
   prop. index: 1
   Number of Alpha Electrons                 65.0001357889 
   Number of Beta  Electrons                 64.0001261806 
   Total number of  Electrons               129.0002619695 
   Exchange energy                          -79.8262630392 
   Correlation energy                        -4.9898288134 
   Correlation energy NL                      0.0000000000 
   Exchange-Correlation energy              -84.8160918527 
   Embedding correction                       0.0000000000 
   Total DFT Energy (No VdW correction)    -697.9677125890 
# -----------------------------------------------------------
$ Mayer_Pop
   description: The Mayer population analysis
   geom. index: 2
   prop. index: 1
     Number of atoms                     : 39
     Threshold for printing              : 0.1000000
     Number of bond orders printed       : 39
  NA   - Mulliken gross atomic population
  ZA   - Total nuclear charge
  QA   - Mulliken gross atomic charge
  VA   - Mayer's total valence
  BVA  - Mayer's bonded valence
  FA   - Mayer's free valence
  ATOM       NA         ZA         QA         VA         BVA        FA
  0   0     6.6006     6.0000    -0.6006     3.3878     3.3809     0.0069
  1   0     5.3677     6.0000     0.6323     2.8670     2.8654     0.0016
  2   0     5.3747     6.0000     0.6253     2.8963     2.8959     0.0004
  3   0     6.0495     6.0000    -0.0495     3.7451     3.7097     0.0354
  4   0     5.9193     6.0000     0.0807     4.1148     4.1000     0.0148
  5   0     6.0118     6.0000    -0.0118     3.8601     3.8260     0.0341
  6   0     6.0228     6.0000    -0.0228     3.8143     3.8070     0.0073
  7   0     6.0767     6.0000    -0.0767     4.1247     4.0859     0.0388
  8   0     5.9737     6.0000     0.0263     3.8906     3.8824     0.0082
  9   0     1.0494     1.0000    -0.0494     1.0024     1.0023     0.0001
 10   0     1.0502     1.0000    -0.0502     1.0029     1.0029     0.0000
 11   0     6.0982     6.0000    -0.0982     3.9296     3.5554     0.3742
 12   0     1.0215     1.0000    -0.0215     1.0092     1.0080     0.0012
 13   0     5.9670     6.0000     0.0330     4.0104     4.0089     0.0015
 14   0     0.9706     1.0000     0.0294     0.9628     0.9617     0.0011
 15   0     0.9706     1.0000     0.0294     0.9627     0.9616     0.0011
 16   0     6.0382     6.0000    -0.0382     4.1312     4.1312     0.0000
 17   0     0.9870     1.0000     0.0130     0.9642     0.9642     0.0000
 18   0     0.9870     1.0000     0.0130     0.9641     0.9641     0.0000
 19   0     5.9939     6.0000     0.0061     4.0163     4.0163     0.0000
 20   0     0.9825     1.0000     0.0175     0.9775     0.9775     0.0000
 21   0     0.9825     1.0000     0.0175     0.9775     0.9775     0.0000
 22   0     5.9568     6.0000     0.0432     4.0289     4.0287     0.0002
 23   0     0.9680     1.0000     0.0320     0.9696     0.9695     0.0001
 24   0     0.9680     1.0000     0.0320     0.9697     0.9696     0.0001
 25   0     6.0362     6.0000    -0.0362     4.1149     4.1149     0.0000
 26   0     0.9833     1.0000     0.0167     0.9629     0.9629     0.0000
 27   0     0.9832     1.0000     0.0168     0.9629     0.9629     0.0000
 28   0     6.0240     6.0000    -0.0240     4.1176     4.1176     0.0000
 29   0     0.9940     1.0000     0.0060     0.9674     0.9674     0.0000
 30   0     0.9940     1.0000     0.0060     0.9674     0.9674     0.0000
 31   0     5.9962     6.0000     0.0038     4.0168     4.0168     0.0000
 32   0     0.9829     1.0000     0.0171     0.9773     0.9773     0.0000
 33   0     0.9829     1.0000     0.0171     0.9773     0.9773     0.0000
 34   0     6.6016     6.0000    -0.6016     3.3909     3.3894     0.0015
 35   0     1.0302     1.0000    -0.0302     1.0305     1.0305     0.0000
 36   0     1.0291     1.0000    -0.0291     1.0304     1.0304     0.0000
 37   0     0.9865     1.0000     0.0135     0.9733     0.9733     0.0000
 38   0     0.9874     1.0000     0.0126     0.9734     0.9734     0.0000
      Bond orders larger than 0.1000000
           Atom A     A.N. of A          Atom B    A.N. of B              Bond order
                0             6               1            6                2.098933
                0             6              35            1                1.119735
                1             6               3            6                0.906496
                2             6               6            6                0.902648
                2             6              34            6                2.125218
                3             6               4            6                1.276959
                3             6               8            6                1.395291
                4             6               5            6                1.284641
                4             6              11            6                1.368578
                5             6               6            6                1.440584
                5             6               9            1                0.919990
                6             6               7            6                1.342394
                7             6               8            6                1.409092
                7             6              22            6                1.092447
                8             6              10            1                0.921496
               11             6              12            1                0.902819
               11             6              13            6                1.083678
               13             6              14            1                0.911724
               13             6              15            1                0.911701
               13             6              16            6                1.071548
               16             6              17            1                0.943768
               16             6              18            1                0.943728
               16             6              19            6                1.106501
               19             6              20            1                0.965338
               19             6              21            1                0.965340
               19             6              37            1                0.960849
               22             6              23            1                0.896875
               22             6              24            1                0.896863
               22             6              25            6                1.103481
               25             6              26            1                0.929414
               25             6              27            1                0.929320
               25             6              28            6                1.075117
               28             6              29            1                0.941014
               28             6              30            1                0.941006
               28             6              31            6                1.106008
               31             6              32            1                0.966208
               31             6              33            1                0.966214
               31             6              38            1                0.961690
               34             6              36            1                1.118532
# -----------------------------------------------------------
$ SCF_Electric_Properties
   description: The SCF Calculated Electric Properties
   geom. index: 2
   prop. index: 1
       Filename                          : opt_cc-pVDZ.scfp 
       Do Dipole Moment Calculation      : true 
       Do Quadrupole Moment Calculation  : false 
       Do Polarizability Calculation     : false 
** Dipole moment part of electric properties **
        Magnitude of dipole moment (Debye) :        0.2505101543
        Electronic Contribution:
                  0    
      0       0.613841
      1       2.290101
      2       0.000655
        Nuclear Contribution:
                  0    
      0      -0.703525
      1      -2.249242
      2       0.000062
        Total Dipole moment:
                  0    
      0      -0.089685
      1       0.040859
      2       0.000717
# -------------------------------------------------------------
----------------------- !GEOMETRIES! ------------------------
# -------------------------------------------------------------
------------------------ !GEOMETRY! -------------------------
    Number of atoms:    39 
    Geometry Index:     1 
    Coordinates:
               0 C      3.991788243612   -0.049239882396    0.058108204506
               1 C      2.775740443178    0.000817948191    0.040924075961
               2 C     -2.904925831503    0.001969422868   -0.021064920238
               3 C      1.348501294798    0.035969980027    0.024650970239
               4 C      0.635243373928    1.290109646834    0.014122098892
               5 C     -0.786024691448    1.210124429407   -0.000914187406
               6 C     -1.471080401116   -0.005896146080   -0.005830295721
               7 C     -0.755050864334   -1.242723545415    0.004473256940
               8 C      0.640731865278   -1.178014606864    0.019328438682
               9 H     -1.371295902164    2.129823777095   -0.008865376090
              10 H      1.223341927870   -2.098995055147    0.027465444385
              11 C      1.310812684248    2.530857604813    0.018831916249
              12 H      2.403663300363    2.505003068910    0.030817682265
              13 C      0.641083822756    3.872285374562    0.008661168868
              14 H     -0.020407779760    3.959192160870   -0.878173876208
              15 H     -0.042670667328    3.961659877018    0.878175853907
              16 C      1.626344757072    5.048246428856    0.019382586495
              17 H      2.275422316321    4.965813004747    0.910219498368
              18 H      2.296697410353    4.963936512218   -0.855393882408
              19 C      0.933466648250    6.412040777141    0.009601308176
              20 H      0.280768272801    6.536674933055    0.890987258617
              21 H      0.302264637618    6.534793363111   -0.887575098080
              22 C     -1.517429883836   -2.551443119886   -0.000598890849
              23 H     -2.203438584888   -2.555197843260    0.867109417682
              24 H     -2.188522827894   -2.557023916239   -0.879836606649
              25 C     -0.686653892352   -3.837261349702    0.007761740289
              26 H     -0.015119253142   -3.856286541053   -0.870391749450
              27 H     -0.031196723172   -3.855470221325    0.897992408444
              28 C     -1.555554684004   -5.100741837468    0.000739035671
              29 H     -2.229365301212   -5.083796294662    0.877444157907
              30 H     -2.214538071634   -5.084219036221   -0.887176218063
              31 C     -0.737136512653   -6.394158907468    0.007905648394
              32 H     -0.093626884395   -6.456406605743    0.902511680945
              33 H     -0.079125222638   -6.457033838585   -0.876029501547
              34 C     -4.120620578893    0.011732327365   -0.035488398548
              35 H      5.062776493409   -0.099657125883    0.078802826293
              36 H     -5.192881686639    0.026348413802   -0.050614736893
              37 H      1.665287562109    7.235733068865    0.017559858074
              38 H     -1.387506018958   -7.283908316357    0.002941031901
------------------------ !GEOMETRY! -------------------------
    Number of atoms:    39 
    Geometry Index:     2 
    Coordinates:
               0 C      3.991783907219   -0.048435163088    0.056345911670
               1 C      2.775711592947    0.001153798561    0.039648199495
               2 C     -2.904920937890    0.001528853770   -0.021693711331
               3 C      1.348480517744    0.036062986714    0.023780907051
               4 C      0.635151504547    1.290200659506    0.013520825304
               5 C     -0.786149980267    1.210013573638   -0.001501008702
               6 C     -1.471087411983   -0.006068634152   -0.006316621408
               7 C     -0.754959476920   -1.242856746300    0.003884585514
               8 C      0.640797386070   -1.177975159196    0.018517750032
               9 H     -1.371712234105    2.129541143858   -0.009529933054
              10 H      1.223673845548   -2.098813093857    0.026482831129
              11 C      1.310504353393    2.530995609786    0.018451703210
              12 H      2.403361383427    2.505270560818    0.030469212658
              13 C      0.640754014396    3.872473380826    0.008531371317
              14 H     -0.020274963198    3.959853547071   -0.878574743400
              15 H     -0.043331310493    3.961473786245    0.877792892412
              16 C      1.626405096934    5.048189159744    0.020362399157
              17 H      2.274909708835    4.965133665816    0.911543154397
              18 H      2.297354510576    4.964108174510   -0.853963014431
              19 C      0.933927070885    6.412245213334    0.010752006436
              20 H      0.280780133788    6.536666708977    0.891826675222
              21 H      0.303417605835    6.535595070097   -0.886819572506
              22 C     -1.517089443417   -2.551625222617   -0.001121691109
              23 H     -2.203424349093   -2.555125452171    0.866314522180
              24 H     -2.187899982983   -2.557490742581   -0.880573760696
              25 C     -0.686255111597   -3.837417756406    0.007983845502
              26 H     -0.014408940848   -3.856931257570   -0.869895011496
              27 H     -0.031140303568   -3.855437419465    0.898450946932
              28 C     -1.555635653287   -5.100694192643    0.001103857151
              29 H     -2.229938582736   -5.082944013014    0.877395884571
              30 H     -2.214140246978   -5.084251094414   -0.887148985436
              31 C     -0.737689907286   -6.394489920047    0.009386219322
              32 H     -0.094860873570   -6.456485071238    0.904484542621
              33 H     -0.079169819385   -6.457884807139   -0.874118642994
              34 C     -4.120618155029    0.011094334843   -0.036179048640
              35 H      5.062827870567   -0.098170634148    0.076210872519
              36 H     -5.192896409439    0.025363469996   -0.051172034939
              37 H      1.665950319417    7.235756971959    0.019557320115
              38 H     -1.388423938052   -7.283966360024    0.004373174225
