-------------------------------------------------------------
----------------------- !PROPERTIES! ------------------------
-------------------------------------------------------------
# -----------------------------------------------------------
$ PAL_Flags
   description: The PAL Flags
   geom. index: 1
   prop. index: 1
        Diskflag:     2
# -----------------------------------------------------------
$ SCF_Energy
   description: The SCF energy
   geom. index: 1
   prop. index: 1
        SCF Energy:     -890.7528808060
# -----------------------------------------------------------
$ DFT_Energy
   description: The DFT energy
   geom. index: 1
   prop. index: 1
   Number of Alpha Electrons                 82.0001854464 
   Number of Beta  Electrons                 81.0001868999 
   Total number of  Electrons               163.0003723463 
   Exchange energy                         -101.5106901862 
   Correlation energy                        -6.3296098728 
   Correlation energy NL                      0.0000000000 
   Exchange-Correlation energy             -107.8403000590 
   Embedding correction                       0.0000000000 
   Total DFT Energy (No VdW correction)    -890.7528808060 
# -----------------------------------------------------------
$ Mayer_Pop
   description: The Mayer population analysis
   geom. index: 1
   prop. index: 1
     Number of atoms                     : 48
     Threshold for printing              : 0.1000000
     Number of bond orders printed       : 50
  NA   - Mulliken gross atomic population
  ZA   - Total nuclear charge
  QA   - Mulliken gross atomic charge
  VA   - Mayer's total valence
  BVA  - Mayer's bonded valence
  FA   - Mayer's free valence
  ATOM       NA         ZA         QA         VA         BVA        FA
  0   0     6.1179     6.0000    -0.1179     2.2645     2.0360     0.2285
  1   0     5.7422     6.0000     0.2578     2.5719     2.5653     0.0066
  2   0     5.9537     6.0000     0.0463     4.1190     4.1046     0.0144
  3   0     6.0498     6.0000    -0.0498     4.0915     4.0493     0.0422
  4   0     5.9918     6.0000     0.0082     3.8861     3.8745     0.0116
  5   0     6.1813     6.0000    -0.1813     3.8272     3.7600     0.0672
  6   0     6.0629     6.0000    -0.0629     4.1689     4.1580     0.0109
  7   0     5.9990     6.0000     0.0010     3.8820     3.8393     0.0427
  8   0     1.0493     1.0000    -0.0493     1.0039     1.0039     0.0000
  9   0     1.0418     1.0000    -0.0418     1.0026     1.0025     0.0001
 10   0     5.9786     6.0000     0.0214     4.0232     4.0230     0.0002
 11   0     0.9641     1.0000     0.0359     0.9688     0.9687     0.0001
 12   0     0.9641     1.0000     0.0359     0.9689     0.9688     0.0001
 13   0     6.0372     6.0000    -0.0372     4.1193     4.1193     0.0000
 14   0     0.9820     1.0000     0.0180     0.9635     0.9635     0.0000
 15   0     0.9821     1.0000     0.0179     0.9635     0.9635     0.0000
 16   0     6.0263     6.0000    -0.0263     4.1182     4.1182     0.0000
 17   0     0.9918     1.0000     0.0082     0.9673     0.9673     0.0000
 18   0     0.9918     1.0000     0.0082     0.9673     0.9673     0.0000
 19   0     5.9976     6.0000     0.0024     4.0182     4.0182     0.0000
 20   0     0.9826     1.0000     0.0174     0.9773     0.9773     0.0000
 21   0     0.9826     1.0000     0.0174     0.9773     0.9773     0.0000
 22   0     5.9606     6.0000     0.0394     4.0317     4.0316     0.0001
 23   0     0.9665     1.0000     0.0335     0.9695     0.9695     0.0000
 24   0     0.9665     1.0000     0.0335     0.9695     0.9695     0.0000
 25   0     6.0358     6.0000    -0.0358     4.1131     4.1131     0.0000
 26   0     0.9828     1.0000     0.0172     0.9633     0.9633     0.0000
 27   0     0.9828     1.0000     0.0172     0.9633     0.9633     0.0000
 28   0     6.0260     6.0000    -0.0260     4.1198     4.1198     0.0000
 29   0     0.9941     1.0000     0.0059     0.9673     0.9673     0.0000
 30   0     0.9941     1.0000     0.0059     0.9673     0.9673     0.0000
 31   0     5.9961     6.0000     0.0039     4.0169     4.0169     0.0000
 32   0     0.9821     1.0000     0.0179     0.9774     0.9774     0.0000
 33   0     0.9821     1.0000     0.0179     0.9774     0.9774     0.0000
 34   0     5.8471     6.0000     0.1529     2.6580     2.6341     0.0239
 35   0     0.9855     1.0000     0.0145     0.9738     0.9738     0.0000
 36   0     0.9868     1.0000     0.0132     0.9736     0.9736     0.0000
 37   0     6.2534     6.0000    -0.2534     3.9277     3.9266     0.0011
 38   0     5.9692     6.0000     0.0308     3.9940     3.9919     0.0021
 39   0     5.9587     6.0000     0.0413     3.9995     3.9990     0.0005
 40   0     5.9668     6.0000     0.0332     3.9984     3.9959     0.0025
 41   0     5.9590     6.0000     0.0410     3.9992     3.9987     0.0005
 42   0     5.9719     6.0000     0.0281     3.9931     3.9910     0.0021
 43   0     1.0268     1.0000    -0.0268     0.9689     0.9689     0.0000
 44   0     1.0270     1.0000    -0.0270     0.9686     0.9686     0.0000
 45   0     1.0407     1.0000    -0.0407     0.9834     0.9834     0.0000
 46   0     1.0399     1.0000    -0.0399     0.9831     0.9831     0.0000
 47   0     1.0269     1.0000    -0.0269     0.9685     0.9685     0.0000
      Bond orders larger than 0.1000000
           Atom A     A.N. of A          Atom B    A.N. of B              Bond order
                0             6               2            6                1.681834
                1             6               5            6                0.944730
                1             6              34            6                1.716313
                1             6              37            6               -0.173846
                2             6               3            6                1.187519
                2             6               7            6                1.130288
                3             6               4            6                1.520943
                3             6              10            6                1.076683
                4             6               5            6                1.310168
                4             6               8            1                0.922170
                5             6               6            6                1.313931
                6             6               7            6                1.545258
                6             6              22            6                1.090734
                7             6               9            1                0.916084
               10             6              11            1                0.901951
               10             6              12            1                0.901910
               10             6              13            6                1.104167
               13             6              14            1                0.930678
               13             6              15            1                0.930740
               13             6              16            6                1.074782
               16             6              17            1                0.941462
               16             6              18            1                0.941465
               16             6              19            6                1.105955
               19             6              20            1                0.966326
               19             6              21            1                0.966320
               19             6              35            1                0.961914
               22             6              23            1                0.897906
               22             6              24            1                0.897929
               22             6              25            6                1.103589
               25             6              26            1                0.928964
               25             6              27            1                0.928938
               25             6              28            6                1.075258
               28             6              29            1                0.941221
               28             6              30            1                0.941219
               28             6              31            6                1.106249
               31             6              32            1                0.966201
               31             6              33            1                0.966206
               31             6              36            1                0.961589
               34             6              37            6                0.943435
               37             6              38            6                1.432417
               37             6              42            6                1.429870
               38             6              39            6                1.473986
               38             6              45            1                0.940369
               39             6              40            6                1.440975
               39             6              47            1                0.937970
               40             6              41            6                1.440689
               40             6              43            1                0.943384
               41             6              42            6                1.473918
               41             6              44            1                0.937971
               42             6              46            1                0.940768
# -----------------------------------------------------------
$ PAL_Flags
   description: The PAL Flags
   geom. index: 2
   prop. index: 1
        Diskflag:     2
# -----------------------------------------------------------
$ SCF_Energy
   description: The SCF energy
   geom. index: 2
   prop. index: 1
        SCF Energy:     -890.7528810971
# -----------------------------------------------------------
$ DFT_Energy
   description: The DFT energy
   geom. index: 2
   prop. index: 1
   Number of Alpha Electrons                 82.0001855080 
   Number of Beta  Electrons                 81.0001869554 
   Total number of  Electrons               163.0003724635 
   Exchange energy                         -101.5106066079 
   Correlation energy                        -6.3296042095 
   Correlation energy NL                      0.0000000000 
   Exchange-Correlation energy             -107.8402108174 
   Embedding correction                       0.0000000000 
   Total DFT Energy (No VdW correction)    -890.7528810971 
# -----------------------------------------------------------
$ Mayer_Pop
   description: The Mayer population analysis
   geom. index: 2
   prop. index: 1
     Number of atoms                     : 48
     Threshold for printing              : 0.1000000
     Number of bond orders printed       : 50
  NA   - Mulliken gross atomic population
  ZA   - Total nuclear charge
  QA   - Mulliken gross atomic charge
  VA   - Mayer's total valence
  BVA  - Mayer's bonded valence
  FA   - Mayer's free valence
  ATOM       NA         ZA         QA         VA         BVA        FA
  0   0     6.1179     6.0000    -0.1179     2.2643     2.0357     0.2286
  1   0     5.7424     6.0000     0.2576     2.5723     2.5657     0.0066
  2   0     5.9537     6.0000     0.0463     4.1186     4.1042     0.0144
  3   0     6.0498     6.0000    -0.0498     4.0915     4.0493     0.0422
  4   0     5.9917     6.0000     0.0083     3.8861     3.8745     0.0116
  5   0     6.1813     6.0000    -0.1813     3.8273     3.7601     0.0672
  6   0     6.0629     6.0000    -0.0629     4.1690     4.1581     0.0109
  7   0     5.9990     6.0000     0.0010     3.8820     3.8393     0.0427
  8   0     1.0493     1.0000    -0.0493     1.0039     1.0039     0.0000
  9   0     1.0418     1.0000    -0.0418     1.0026     1.0025     0.0001
 10   0     5.9786     6.0000     0.0214     4.0232     4.0230     0.0002
 11   0     0.9641     1.0000     0.0359     0.9688     0.9687     0.0001
 12   0     0.9641     1.0000     0.0359     0.9689     0.9688     0.0001
 13   0     6.0373     6.0000    -0.0373     4.1193     4.1193     0.0000
 14   0     0.9820     1.0000     0.0180     0.9635     0.9635     0.0000
 15   0     0.9821     1.0000     0.0179     0.9635     0.9635     0.0000
 16   0     6.0263     6.0000    -0.0263     4.1182     4.1182     0.0000
 17   0     0.9918     1.0000     0.0082     0.9673     0.9673     0.0000
 18   0     0.9918     1.0000     0.0082     0.9673     0.9673     0.0000
 19   0     5.9976     6.0000     0.0024     4.0182     4.0182     0.0000
 20   0     0.9826     1.0000     0.0174     0.9773     0.9773     0.0000
 21   0     0.9826     1.0000     0.0174     0.9773     0.9773     0.0000
 22   0     5.9606     6.0000     0.0394     4.0317     4.0316     0.0001
 23   0     0.9665     1.0000     0.0335     0.9695     0.9695     0.0000
 24   0     0.9665     1.0000     0.0335     0.9695     0.9695     0.0000
 25   0     6.0358     6.0000    -0.0358     4.1131     4.1131     0.0000
 26   0     0.9828     1.0000     0.0172     0.9633     0.9633     0.0000
 27   0     0.9828     1.0000     0.0172     0.9633     0.9633     0.0000
 28   0     6.0260     6.0000    -0.0260     4.1198     4.1198     0.0000
 29   0     0.9941     1.0000     0.0059     0.9673     0.9673     0.0000
 30   0     0.9941     1.0000     0.0059     0.9673     0.9673     0.0000
 31   0     5.9961     6.0000     0.0039     4.0169     4.0169     0.0000
 32   0     0.9821     1.0000     0.0179     0.9774     0.9774     0.0000
 33   0     0.9821     1.0000     0.0179     0.9774     0.9774     0.0000
 34   0     5.8470     6.0000     0.1530     2.6581     2.6342     0.0239
 35   0     0.9855     1.0000     0.0145     0.9738     0.9738     0.0000
 36   0     0.9868     1.0000     0.0132     0.9736     0.9736     0.0000
 37   0     6.2533     6.0000    -0.2533     3.9277     3.9266     0.0011
 38   0     5.9692     6.0000     0.0308     3.9940     3.9919     0.0021
 39   0     5.9588     6.0000     0.0412     3.9995     3.9990     0.0005
 40   0     5.9668     6.0000     0.0332     3.9984     3.9959     0.0025
 41   0     5.9590     6.0000     0.0410     3.9992     3.9987     0.0005
 42   0     5.9719     6.0000     0.0281     3.9931     3.9910     0.0021
 43   0     1.0268     1.0000    -0.0268     0.9689     0.9689     0.0000
 44   0     1.0270     1.0000    -0.0270     0.9686     0.9686     0.0000
 45   0     1.0407     1.0000    -0.0407     0.9834     0.9834     0.0000
 46   0     1.0399     1.0000    -0.0399     0.9831     0.9831     0.0000
 47   0     1.0269     1.0000    -0.0269     0.9685     0.9685     0.0000
      Bond orders larger than 0.1000000
           Atom A     A.N. of A          Atom B    A.N. of B              Bond order
                0             6               2            6                1.681661
                1             6               5            6                0.944870
                1             6              34            6                1.716415
                1             6              37            6               -0.173790
                2             6               3            6                1.187523
                2             6               7            6                1.130196
                3             6               4            6                1.520895
                3             6              10            6                1.076709
                4             6               5            6                1.310150
                4             6               8            1                0.922178
                5             6               6            6                1.313913
                6             6               7            6                1.545328
                6             6              22            6                1.090755
                7             6               9            1                0.916075
               10             6              11            1                0.901944
               10             6              12            1                0.901902
               10             6              13            6                1.104164
               13             6              14            1                0.930680
               13             6              15            1                0.930742
               13             6              16            6                1.074777
               16             6              17            1                0.941463
               16             6              18            1                0.941465
               16             6              19            6                1.105954
               19             6              20            1                0.966325
               19             6              21            1                0.966320
               19             6              35            1                0.961913
               22             6              23            1                0.897897
               22             6              24            1                0.897919
               22             6              25            6                1.103575
               25             6              26            1                0.928963
               25             6              27            1                0.928937
               25             6              28            6                1.075260
               28             6              29            1                0.941220
               28             6              30            1                0.941219
               28             6              31            6                1.106249
               31             6              32            1                0.966201
               31             6              33            1                0.966206
               31             6              36            1                0.961589
               34             6              37            6                0.943409
               37             6              38            6                1.432400
               37             6              42            6                1.429892
               38             6              39            6                1.473977
               38             6              45            1                0.940368
               39             6              40            6                1.440984
               39             6              47            1                0.937971
               40             6              41            6                1.440689
               40             6              43            1                0.943383
               41             6              42            6                1.473917
               41             6              44            1                0.937971
               42             6              46            1                0.940770
# -----------------------------------------------------------
$ SCF_Electric_Properties
   description: The SCF Calculated Electric Properties
   geom. index: 2
   prop. index: 1
       Filename                          : opt_cc-pVDZ.scfp 
       Do Dipole Moment Calculation      : true 
       Do Quadrupole Moment Calculation  : false 
       Do Polarizability Calculation     : false 
** Dipole moment part of electric properties **
        Magnitude of dipole moment (Debye) :        2.8513230938
        Electronic Contribution:
                  0    
      0      11.937740
      1      -0.253806
      2       0.000260
        Nuclear Contribution:
                  0    
      0     -10.821518
      1       0.142334
      2      -0.000262
        Total Dipole moment:
                  0    
      0       1.116222
      1      -0.111472
      2      -0.000002
# -------------------------------------------------------------
----------------------- !GEOMETRIES! ------------------------
# -------------------------------------------------------------
------------------------ !GEOMETRY! -------------------------
    Number of atoms:    48 
    Geometry Index:     1 
    Coordinates:
               0 C     -2.775357608750    0.046208250631   -0.011751488610
               1 C      2.820254589995    0.009684723210   -0.009139113784
               2 C     -1.416125539079   -0.010274496094   -0.011346721882
               3 C     -0.684647621293   -1.267419501118   -0.014385883941
               4 C      0.690489620914   -1.196208086955   -0.013388749687
               5 C      1.407046606050    0.036196601317   -0.009702278703
               6 C      0.687688672107    1.279681210966   -0.006696170917
               7 C     -0.690449126375    1.243926124835   -0.007610068265
               8 H      1.277161852786   -2.115524324113   -0.015523095646
               9 H     -1.268851524577    2.166837017285   -0.005472012731
              10 C     -1.480791528462   -2.555885613211   -0.018568394585
              11 H     -2.154670827799   -2.540740108680   -0.897146141703
              12 H     -2.157395340488   -2.544715041195    0.857973503956
              13 C     -0.681274938256   -3.861204372007   -0.020309117797
              14 H     -0.017862349108   -3.890850857402   -0.904058261539
              15 H     -0.020682982015   -3.894869459327    0.865411627595
              16 C     -1.579449742519   -5.104210314200   -0.024628021847
              17 H     -2.246604930109   -5.074149590349    0.856658564003
              18 H     -2.243575543202   -5.070198397853   -0.908058603438
              19 C     -0.790051451940   -6.415615406351   -0.026228445928
              20 H     -0.143052233805   -6.494872024431    0.864454038754
              21 H     -0.139497445668   -6.490536208898   -0.914693896843
              22 C      1.465881880638    2.581608263897   -0.002725890632
              23 H      2.141039686582    2.571608434073    0.872700079108
              24 H      2.142654559628    2.575943409579   -0.876938242293
              25 C      0.653075341528    3.878460456327   -0.000280596327
              26 H     -0.008621931111    3.909115106234   -0.885508387139
              27 H     -0.010403265627    3.904749926029    0.883750251268
              28 C      1.540606241736    5.129342806617    0.003728534809
              29 H      2.205492726831    5.100498615481    0.886927166610
              30 H      2.207478957959    5.104735177352   -0.878098692348
              31 C      0.741235596522    6.434757046892    0.005976034990
              32 H      0.090512931487    6.504406671497    0.894696701475
              33 H      0.093009549316    6.509015552968   -0.884195172037
              34 C      4.046121437109   -0.034213181630   -0.010003265609
              35 H     -1.460806501719   -7.289935839960   -0.029701107389
              36 H      1.404972196554    7.314510323253    0.009189940437
              37 C      5.469174874658   -0.089851145383   -0.009729445597
              38 C      6.140470129918   -1.334126487353   -0.012365730318
              39 C      7.533422269067   -1.384522017688   -0.012085161391
              40 C      8.284577087823   -0.203109982115   -0.009213391476
              41 C      7.630743775382    1.034878533386   -0.006618052891
              42 C      6.238241888888    1.096427577093   -0.006877213909
              43 H      9.376146182769   -0.247118493997   -0.009009411190
              44 H      8.211875625409    1.960202976472   -0.004378570265
              45 H      5.552871655100   -2.254101729003   -0.014605497620
              46 H      5.726740609363    2.060809316914   -0.004870347824
              47 H      8.038459675779   -2.353485092993   -0.014131268905
------------------------ !GEOMETRY! -------------------------
    Number of atoms:    48 
    Geometry Index:     2 
    Coordinates:
               0 C     -2.775454483630    0.046274773055   -0.011726082940
               1 C      2.820068480377    0.009332986998   -0.009158198493
               2 C     -1.416146020570   -0.010334838066   -0.011341677515
               3 C     -0.684836888513   -1.267641346624   -0.014395728428
               4 C      0.690339130421   -1.196564627998   -0.013407936039
               5 C      1.406826578349    0.035856794744   -0.009713715071
               6 C      0.687718196820    1.279493852080   -0.006699901269
               7 C     -0.690447080699    1.243933628281   -0.007612071693
               8 H      1.276950204060   -2.115896122946   -0.015552928814
               9 H     -1.268546055300    2.167020070286   -0.005471393749
              10 C     -1.481022006563   -2.556033758926   -0.018581412459
              11 H     -2.154920930056   -2.540922825227   -0.897144486393
              12 H     -2.157653207134   -2.544895066216    0.857939917944
              13 C     -0.681530167497   -3.861383294611   -0.020318604306
              14 H     -0.018123906845   -3.891105439505   -0.904066978380
              15 H     -0.020936528605   -3.895115649737    0.865395243329
              16 C     -1.579794539984   -5.104334810714   -0.024627342889
              17 H     -2.246940807840   -5.074227514235    0.856664598284
              18 H     -2.243925696241   -5.070281210689   -0.908052502261
              19 C     -0.790483660073   -6.415793586191   -0.026230946328
              20 H     -0.143478605006   -6.495088753246    0.864443562163
              21 H     -0.139948187653   -6.490764153520   -0.914705445655
              22 C      1.466080787959    2.581275877456   -0.002729960386
              23 H      2.141262450999    2.571205484400    0.872678130910
              24 H      2.142867636253    2.575547271337   -0.876932186978
              25 C      0.653453055137    3.878247376341   -0.000274427691
              26 H     -0.008241515663    3.909004240748   -0.885502024953
              27 H     -0.010012540105    3.904630781556    0.883764804116
              28 C      1.541182444108    5.128985085355    0.003734523648
              29 H      2.206071092919    5.100029907191    0.886928434281
              30 H      2.208046708313    5.104273719958   -0.878096779298
              31 C      0.742021455112    6.434527429366    0.005993127985
              32 H      0.091320020871    6.504279792928    0.894721482233
              33 H      0.093798261609    6.508891362605   -0.884171551600
              34 C      4.045943645676   -0.034404330459   -0.010004062659
              35 H     -1.461297339928   -7.290069381284   -0.029688947482
              36 H      1.405900221690    7.314173194670    0.009201380229
              37 C      5.469022879066   -0.089649169209   -0.009731312032
              38 C      6.140681012647   -1.333721345601   -0.012315198488
              39 C      7.533654861229   -1.383690827394   -0.012032636173
              40 C      8.284441637590   -0.202047958917   -0.009208263959
              41 C      7.630239566655    1.035743556785   -0.006659974959
              42 C      6.237714568862    1.096870389717   -0.006921160960
              43 H      9.376024806750   -0.245727778012   -0.009002224640
              44 H      8.211088226854    1.961245572954   -0.004455444369
              45 H      5.553377423521   -2.253884243706   -0.014517531673
              46 H      5.725928049846    2.061099416975   -0.004949830753
              47 H      8.038990554209   -2.352498182751   -0.014039803385
