-------------------------------------------------------------
----------------------- !PROPERTIES! ------------------------
-------------------------------------------------------------
# -----------------------------------------------------------
$ PAL_Flags
   description: The PAL Flags
   geom. index: 1
   prop. index: 1
        Diskflag:     2
# -----------------------------------------------------------
$ SCF_Energy
   description: The SCF energy
   geom. index: 1
   prop. index: 1
        SCF Energy:     -890.8276299681
# -----------------------------------------------------------
$ DFT_Energy
   description: The DFT energy
   geom. index: 1
   prop. index: 1
   Number of Alpha Electrons                 82.0001630738 
   Number of Beta  Electrons                 81.0001692320 
   Total number of  Electrons               163.0003323058 
   Exchange energy                         -101.4074385171 
   Correlation energy                        -6.3312340181 
   Correlation energy NL                      0.0000000000 
   Exchange-Correlation energy             -107.7386725352 
   Embedding correction                       0.0000000000 
   Total DFT Energy (No VdW correction)    -890.8276299681 
# -----------------------------------------------------------
$ Mayer_Pop
   description: The Mayer population analysis
   geom. index: 1
   prop. index: 1
     Number of atoms                     : 48
     Threshold for printing              : 0.1000000
     Number of bond orders printed       : 58
  NA   - Mulliken gross atomic population
  ZA   - Total nuclear charge
  QA   - Mulliken gross atomic charge
  VA   - Mayer's total valence
  BVA  - Mayer's bonded valence
  FA   - Mayer's free valence
  ATOM       NA         ZA         QA         VA         BVA        FA
  0   0     6.4062     6.0000    -0.4062     1.8586     1.6270     0.2316
  1   0     6.3631     6.0000    -0.3631     3.7929     3.7866     0.0063
  2   0     5.6287     6.0000     0.3713     3.8560     3.8416     0.0144
  3   0     5.6844     6.0000     0.3156     3.8774     3.8338     0.0436
  4   0     6.4205     6.0000    -0.4205     4.3277     4.3161     0.0116
  5   0     5.4826     6.0000     0.5174     3.9208     3.8534     0.0674
  6   0     5.7463     6.0000     0.2537     4.0230     4.0123     0.0107
  7   0     6.3893     6.0000    -0.3893     4.1657     4.1225     0.0432
  8   0     0.8667     1.0000     0.1333     0.9654     0.9654     0.0000
  9   0     0.8686     1.0000     0.1314     0.9666     0.9664     0.0002
 10   0     6.3643     6.0000    -0.3643     3.9776     3.9774     0.0002
 11   0     0.8474     1.0000     0.1526     0.9639     0.9638     0.0001
 12   0     0.8475     1.0000     0.1525     0.9639     0.9638     0.0001
 13   0     6.2693     6.0000    -0.2693     4.0334     4.0334     0.0000
 14   0     0.8592     1.0000     0.1408     0.9662     0.9662     0.0000
 15   0     0.8591     1.0000     0.1409     0.9661     0.9661     0.0000
 16   0     6.2518     6.0000    -0.2518     3.8909     3.8909     0.0000
 17   0     0.8572     1.0000     0.1428     0.9672     0.9672     0.0000
 18   0     0.8572     1.0000     0.1428     0.9672     0.9672     0.0000
 19   0     6.5072     6.0000    -0.5072     3.9017     3.9017     0.0000
 20   0     0.8425     1.0000     0.1575     0.9657     0.9657     0.0000
 21   0     0.8425     1.0000     0.1575     0.9658     0.9658     0.0000
 22   0     6.3464     6.0000    -0.3464     4.0209     4.0209     0.0000
 23   0     0.8483     1.0000     0.1517     0.9635     0.9635     0.0000
 24   0     0.8484     1.0000     0.1516     0.9636     0.9636     0.0000
 25   0     6.2649     6.0000    -0.2649     4.0268     4.0268     0.0000
 26   0     0.8609     1.0000     0.1391     0.9670     0.9670     0.0000
 27   0     0.8609     1.0000     0.1391     0.9670     0.9670     0.0000
 28   0     6.2546     6.0000    -0.2546     3.8958     3.8958     0.0000
 29   0     0.8586     1.0000     0.1414     0.9676     0.9676     0.0000
 30   0     0.8586     1.0000     0.1414     0.9676     0.9676     0.0000
 31   0     6.5066     6.0000    -0.5066     3.9017     3.9017     0.0000
 32   0     0.8420     1.0000     0.1580     0.9657     0.9657     0.0000
 33   0     0.8420     1.0000     0.1580     0.9657     0.9657     0.0000
 34   0     6.3109     6.0000    -0.3109     3.9719     3.9479     0.0240
 35   0     0.8555     1.0000     0.1445     0.9669     0.9669     0.0000
 36   0     0.8571     1.0000     0.1429     0.9672     0.9672     0.0000
 37   0     5.4022     6.0000     0.5978     3.9332     3.9322     0.0010
 38   0     6.2800     6.0000    -0.2800     4.1993     4.1972     0.0021
 39   0     6.0967     6.0000    -0.0967     4.0994     4.0989     0.0005
 40   0     6.1208     6.0000    -0.1208     4.0780     4.0754     0.0026
 41   0     6.0992     6.0000    -0.0992     4.1028     4.1023     0.0005
 42   0     6.2748     6.0000    -0.2748     4.1877     4.1856     0.0021
 43   0     0.8940     1.0000     0.1060     0.9583     0.9583     0.0000
 44   0     0.8951     1.0000     0.1049     0.9616     0.9616     0.0000
 45   0     0.8822     1.0000     0.1178     0.9609     0.9609     0.0000
 46   0     0.8825     1.0000     0.1175     0.9608     0.9608     0.0000
 47   0     0.8951     1.0000     0.1049     0.9618     0.9618     0.0000
      Bond orders larger than 0.1000000
           Atom A     A.N. of A          Atom B    A.N. of B              Bond order
                0             6               2            6                1.215778
                0             6               7            6                0.125576
                1             6               5            6                0.863851
                1             6               6            6                0.114385
                1             6              34            6                2.447088
                2             6               3            6                1.219614
                2             6               4            6                0.133533
                2             6               6            6                0.112641
                2             6               7            6                1.155793
                3             6               4            6                1.538829
                3             6               5            6                0.131236
                3             6              10            6                0.941792
                4             6               5            6                1.365800
                4             6               8            1                0.972967
                5             6               6            6                1.292977
                5             6               7            6                0.143418
                5             6              34            6                0.130664
                6             6               7            6                1.560307
                6             6              22            6                0.971543
                7             6               9            1                0.968394
               10             6              11            1                0.959141
               10             6              12            1                0.959146
               10             6              13            6                1.025847
               13             6              14            1                0.962400
               13             6              15            1                0.962478
               13             6              16            6                0.987711
               16             6              17            1                0.970478
               16             6              18            1                0.970511
               16             6              19            6                0.955709
               19             6              20            1                0.972496
               19             6              21            1                0.972500
               19             6              35            1                0.967456
               22             6              23            1                0.954080
               22             6              24            1                0.954139
               22             6              25            6                1.024185
               25             6              26            1                0.960230
               25             6              27            1                0.960236
               25             6              28            6                0.989924
               28             6              29            1                0.971122
               28             6              30            1                0.971104
               28             6              31            6                0.955280
               31             6              32            1                0.972805
               31             6              33            1                0.972810
               31             6              36            1                0.967065
               34             6              37            6                1.021420
               37             6              38            6                1.379004
               37             6              42            6                1.376220
               38             6              39            6                1.480891
               38             6              40            6                0.101298
               38             6              45            1                0.982918
               39             6              40            6                1.449024
               39             6              47            1                0.976133
               40             6              41            6                1.451590
               40             6              42            6                0.102829
               40             6              43            1                0.965702
               41             6              42            6                1.480509
               41             6              44            1                0.977000
               42             6              46            1                0.980511
# -----------------------------------------------------------
$ PAL_Flags
   description: The PAL Flags
   geom. index: 2
   prop. index: 1
        Diskflag:     2
# -----------------------------------------------------------
$ SCF_Energy
   description: The SCF energy
   geom. index: 2
   prop. index: 1
        SCF Energy:     -890.8287141196
# -----------------------------------------------------------
$ DFT_Energy
   description: The DFT energy
   geom. index: 2
   prop. index: 1
   Number of Alpha Electrons                 82.0001609318 
   Number of Beta  Electrons                 81.0001670884 
   Total number of  Electrons               163.0003280203 
   Exchange energy                         -101.4186876463 
   Correlation energy                        -6.3310542490 
   Correlation energy NL                      0.0000000000 
   Exchange-Correlation energy             -107.7497418953 
   Embedding correction                       0.0000000000 
   Total DFT Energy (No VdW correction)    -890.8287141196 
# -----------------------------------------------------------
$ PAL_Flags
   description: The PAL Flags
   geom. index: 3
   prop. index: 1
        Diskflag:     2
# -----------------------------------------------------------
$ SCF_Energy
   description: The SCF energy
   geom. index: 3
   prop. index: 1
        SCF Energy:     -890.8287670102
# -----------------------------------------------------------
$ DFT_Energy
   description: The DFT energy
   geom. index: 3
   prop. index: 1
   Number of Alpha Electrons                 82.0001635170 
   Number of Beta  Electrons                 81.0001696010 
   Total number of  Electrons               163.0003331180 
   Exchange energy                         -101.4149892786 
   Correlation energy                        -6.3306487644 
   Correlation energy NL                      0.0000000000 
   Exchange-Correlation energy             -107.7456380431 
   Embedding correction                       0.0000000000 
   Total DFT Energy (No VdW correction)    -890.8287670102 
# -----------------------------------------------------------
$ PAL_Flags
   description: The PAL Flags
   geom. index: 4
   prop. index: 1
        Diskflag:     2
# -----------------------------------------------------------
$ SCF_Energy
   description: The SCF energy
   geom. index: 4
   prop. index: 1
        SCF Energy:     -890.8287798899
# -----------------------------------------------------------
$ DFT_Energy
   description: The DFT energy
   geom. index: 4
   prop. index: 1
   Number of Alpha Electrons                 82.0001642607 
   Number of Beta  Electrons                 81.0001702917 
   Total number of  Electrons               163.0003345524 
   Exchange energy                         -101.4129605794 
   Correlation energy                        -6.3304752770 
   Correlation energy NL                      0.0000000000 
   Exchange-Correlation energy             -107.7434358564 
   Embedding correction                       0.0000000000 
   Total DFT Energy (No VdW correction)    -890.8287798899 
# -----------------------------------------------------------
$ PAL_Flags
   description: The PAL Flags
   geom. index: 5
   prop. index: 1
        Diskflag:     2
# -----------------------------------------------------------
$ SCF_Energy
   description: The SCF energy
   geom. index: 5
   prop. index: 1
        SCF Energy:     -890.8287825541
# -----------------------------------------------------------
$ DFT_Energy
   description: The DFT energy
   geom. index: 5
   prop. index: 1
   Number of Alpha Electrons                 82.0001637958 
   Number of Beta  Electrons                 81.0001698176 
   Total number of  Electrons               163.0003336134 
   Exchange energy                         -101.4129882814 
   Correlation energy                        -6.3304842323 
   Correlation energy NL                      0.0000000000 
   Exchange-Correlation energy             -107.7434725137 
   Embedding correction                       0.0000000000 
   Total DFT Energy (No VdW correction)    -890.8287825541 
# -----------------------------------------------------------
$ Mayer_Pop
   description: The Mayer population analysis
   geom. index: 5
   prop. index: 1
     Number of atoms                     : 48
     Threshold for printing              : 0.1000000
     Number of bond orders printed       : 57
  NA   - Mulliken gross atomic population
  ZA   - Total nuclear charge
  QA   - Mulliken gross atomic charge
  VA   - Mayer's total valence
  BVA  - Mayer's bonded valence
  FA   - Mayer's free valence
  ATOM       NA         ZA         QA         VA         BVA        FA
  0   0     6.4028     6.0000    -0.4028     1.8539     1.6177     0.2362
  1   0     6.3619     6.0000    -0.3619     3.7865     3.7801     0.0064
  2   0     5.6341     6.0000     0.3659     3.8433     3.8284     0.0149
  3   0     5.6942     6.0000     0.3058     3.8750     3.8309     0.0441
  4   0     6.4131     6.0000    -0.4131     4.3174     4.3055     0.0119
  5   0     5.4872     6.0000     0.5128     3.9039     3.8371     0.0668
  6   0     5.7527     6.0000     0.2473     4.0178     4.0068     0.0110
  7   0     6.3854     6.0000    -0.3854     4.1567     4.1129     0.0438
  8   0     0.8650     1.0000     0.1350     0.9650     0.9650     0.0000
  9   0     0.8665     1.0000     0.1335     0.9661     0.9659     0.0002
 10   0     6.3665     6.0000    -0.3665     3.9724     3.9722     0.0002
 11   0     0.8449     1.0000     0.1551     0.9631     0.9630     0.0001
 12   0     0.8450     1.0000     0.1550     0.9631     0.9630     0.0001
 13   0     6.2743     6.0000    -0.2743     4.0283     4.0283     0.0000
 14   0     0.8562     1.0000     0.1438     0.9655     0.9655     0.0000
 15   0     0.8560     1.0000     0.1440     0.9655     0.9655     0.0000
 16   0     6.2608     6.0000    -0.2608     3.8900     3.8900     0.0000
 17   0     0.8542     1.0000     0.1458     0.9665     0.9665     0.0000
 18   0     0.8543     1.0000     0.1457     0.9665     0.9665     0.0000
 19   0     6.5101     6.0000    -0.5101     3.9012     3.9012     0.0000
 20   0     0.8403     1.0000     0.1597     0.9651     0.9651     0.0000
 21   0     0.8404     1.0000     0.1596     0.9652     0.9652     0.0000
 22   0     6.3494     6.0000    -0.3494     4.0169     4.0169     0.0000
 23   0     0.8457     1.0000     0.1543     0.9628     0.9628     0.0000
 24   0     0.8458     1.0000     0.1542     0.9628     0.9628     0.0000
 25   0     6.2703     6.0000    -0.2703     4.0221     4.0221     0.0000
 26   0     0.8580     1.0000     0.1420     0.9663     0.9663     0.0000
 27   0     0.8580     1.0000     0.1420     0.9664     0.9664     0.0000
 28   0     6.2635     6.0000    -0.2635     3.8949     3.8949     0.0000
 29   0     0.8556     1.0000     0.1444     0.9669     0.9669     0.0000
 30   0     0.8556     1.0000     0.1444     0.9669     0.9669     0.0000
 31   0     6.5094     6.0000    -0.5094     3.9011     3.9011     0.0000
 32   0     0.8398     1.0000     0.1602     0.9651     0.9651     0.0000
 33   0     0.8398     1.0000     0.1602     0.9651     0.9651     0.0000
 34   0     6.3094     6.0000    -0.3094     3.9647     3.9409     0.0238
 35   0     0.8538     1.0000     0.1462     0.9665     0.9665     0.0000
 36   0     0.8555     1.0000     0.1445     0.9668     0.9668     0.0000
 37   0     5.4097     6.0000     0.5903     3.9242     3.9232     0.0010
 38   0     6.2791     6.0000    -0.2791     4.1951     4.1930     0.0021
 39   0     6.0979     6.0000    -0.0979     4.0965     4.0960     0.0005
 40   0     6.1226     6.0000    -0.1226     4.0761     4.0735     0.0026
 41   0     6.1006     6.0000    -0.1006     4.1000     4.0995     0.0005
 42   0     6.2736     6.0000    -0.2736     4.1822     4.1801     0.0021
 43   0     0.8923     1.0000     0.1077     0.9580     0.9580     0.0000
 44   0     0.8936     1.0000     0.1064     0.9613     0.9613     0.0000
 45   0     0.8806     1.0000     0.1194     0.9604     0.9604     0.0000
 46   0     0.8809     1.0000     0.1191     0.9604     0.9604     0.0000
 47   0     0.8935     1.0000     0.1065     0.9614     0.9614     0.0000
      Bond orders larger than 0.1000000
           Atom A     A.N. of A          Atom B    A.N. of B              Bond order
                0             6               2            6                1.211155
                0             6               7            6                0.123686
                1             6               5            6                0.863341
                1             6               6            6                0.112416
                1             6              34            6                2.449145
                2             6               3            6                1.217393
                2             6               4            6                0.131478
                2             6               6            6                0.107534
                2             6               7            6                1.155942
                3             6               4            6                1.537136
                3             6               5            6                0.125787
                3             6              10            6                0.941232
                4             6               5            6                1.364294
                4             6               8            1                0.971632
                5             6               6            6                1.290937
                5             6               7            6                0.138513
                5             6              34            6                0.124490
                6             6               7            6                1.558480
                6             6              22            6                0.970467
                7             6               9            1                0.967454
               10             6              11            1                0.959637
               10             6              12            1                0.959652
               10             6              13            6                1.024404
               13             6              14            1                0.963078
               13             6              15            1                0.963206
               13             6              16            6                0.985832
               16             6              17            1                0.971081
               16             6              18            1                0.971128
               16             6              19            6                0.956014
               19             6              20            1                0.972527
               19             6              21            1                0.972531
               19             6              35            1                0.967600
               22             6              23            1                0.954398
               22             6              24            1                0.954390
               22             6              25            6                1.022758
               25             6              26            1                0.961054
               25             6              27            1                0.961054
               25             6              28            6                0.987944
               28             6              29            1                0.971744
               28             6              30            1                0.971721
               28             6              31            6                0.955547
               31             6              32            1                0.972823
               31             6              33            1                0.972827
               31             6              36            1                0.967239
               34             6              37            6                1.019837
               37             6              38            6                1.378856
               37             6              42            6                1.375413
               38             6              39            6                1.481178
               38             6              45            1                0.982037
               39             6              40            6                1.449154
               39             6              47            1                0.975560
               40             6              41            6                1.451890
               40             6              42            6                0.100359
               40             6              43            1                0.965295
               41             6              42            6                1.480566
               41             6              44            1                0.976467
               42             6              46            1                0.979728
# -----------------------------------------------------------
$ SCF_Electric_Properties
   description: The SCF Calculated Electric Properties
   geom. index: 5
   prop. index: 1
       Filename                          : opt_EPRII.scfp 
       Do Dipole Moment Calculation      : true 
       Do Quadrupole Moment Calculation  : false 
       Do Polarizability Calculation     : false 
** Dipole moment part of electric properties **
        Magnitude of dipole moment (Debye) :        3.1037165986
        Electronic Contribution:
                  0    
      0      12.017806
      1      -0.263683
      2      -0.002543
        Nuclear Contribution:
                  0    
      0     -10.802869
      1       0.141439
      2       0.002536
        Total Dipole moment:
                  0    
      0       1.214937
      1      -0.122244
      2      -0.000007
# -------------------------------------------------------------
----------------------- !GEOMETRIES! ------------------------
# -------------------------------------------------------------
------------------------ !GEOMETRY! -------------------------
    Number of atoms:    48 
    Geometry Index:     1 
    Coordinates:
               0 C     -2.775357608750    0.046208250631   -0.011751488610
               1 C      2.820254589995    0.009684723210   -0.009139113784
               2 C     -1.416125539079   -0.010274496094   -0.011346721882
               3 C     -0.684647621293   -1.267419501118   -0.014385883941
               4 C      0.690489620914   -1.196208086955   -0.013388749687
               5 C      1.407046606050    0.036196601317   -0.009702278703
               6 C      0.687688672107    1.279681210966   -0.006696170917
               7 C     -0.690449126375    1.243926124835   -0.007610068265
               8 H      1.277161852786   -2.115524324113   -0.015523095646
               9 H     -1.268851524577    2.166837017285   -0.005472012731
              10 C     -1.480791528462   -2.555885613211   -0.018568394585
              11 H     -2.154670827799   -2.540740108680   -0.897146141703
              12 H     -2.157395340488   -2.544715041195    0.857973503956
              13 C     -0.681274938256   -3.861204372007   -0.020309117797
              14 H     -0.017862349108   -3.890850857402   -0.904058261539
              15 H     -0.020682982015   -3.894869459327    0.865411627595
              16 C     -1.579449742519   -5.104210314200   -0.024628021847
              17 H     -2.246604930109   -5.074149590349    0.856658564003
              18 H     -2.243575543202   -5.070198397853   -0.908058603438
              19 C     -0.790051451940   -6.415615406351   -0.026228445928
              20 H     -0.143052233805   -6.494872024431    0.864454038754
              21 H     -0.139497445668   -6.490536208898   -0.914693896843
              22 C      1.465881880638    2.581608263897   -0.002725890632
              23 H      2.141039686582    2.571608434073    0.872700079108
              24 H      2.142654559628    2.575943409579   -0.876938242293
              25 C      0.653075341528    3.878460456327   -0.000280596327
              26 H     -0.008621931111    3.909115106234   -0.885508387139
              27 H     -0.010403265627    3.904749926029    0.883750251268
              28 C      1.540606241736    5.129342806617    0.003728534809
              29 H      2.205492726831    5.100498615481    0.886927166610
              30 H      2.207478957959    5.104735177352   -0.878098692348
              31 C      0.741235596522    6.434757046892    0.005976034990
              32 H      0.090512931487    6.504406671497    0.894696701475
              33 H      0.093009549316    6.509015552968   -0.884195172037
              34 C      4.046121437109   -0.034213181630   -0.010003265609
              35 H     -1.460806501719   -7.289935839960   -0.029701107389
              36 H      1.404972196554    7.314510323253    0.009189940437
              37 C      5.469174874658   -0.089851145383   -0.009729445597
              38 C      6.140470129918   -1.334126487353   -0.012365730318
              39 C      7.533422269067   -1.384522017688   -0.012085161391
              40 C      8.284577087823   -0.203109982115   -0.009213391476
              41 C      7.630743775382    1.034878533386   -0.006618052891
              42 C      6.238241888888    1.096427577093   -0.006877213909
              43 H      9.376146182769   -0.247118493997   -0.009009411190
              44 H      8.211875625409    1.960202976472   -0.004378570265
              45 H      5.552871655100   -2.254101729003   -0.014605497620
              46 H      5.726740609363    2.060809316914   -0.004870347824
              47 H      8.038459675779   -2.353485092993   -0.014131268905
------------------------ !GEOMETRY! -------------------------
    Number of atoms:    48 
    Geometry Index:     2 
    Coordinates:
               0 C     -2.786671923358    0.051704337321   -0.011934846769
               1 C      2.819790346343    0.008011183466   -0.009111690390
               2 C     -1.423715169499   -0.007118311053   -0.011420546048
               3 C     -0.692222369439   -1.268445834235   -0.014394614108
               4 C      0.686025746255   -1.198379523834   -0.013322121635
               5 C      1.404322510908    0.036089586085   -0.009621404612
               6 C      0.685722600638    1.283077830705   -0.006639430195
               7 C     -0.695645991031    1.249926880825   -0.007632202501
               8 H      1.268440444530   -2.113669345033   -0.015431450620
               9 H     -1.268836101985    2.169610306705   -0.005551982232
              10 C     -1.489812357396   -2.559859405907   -0.018674823562
              11 H     -2.158450582586   -2.546768877743   -0.893067757182
              12 H     -2.161424549717   -2.550704656306    0.853489170368
              13 C     -0.685214671287   -3.866376336356   -0.020279420956
              14 H     -0.025990567626   -3.895078660756   -0.898917073286
              15 H     -0.029118880296   -3.899102023860    0.860560925578
              16 C     -1.582463486600   -5.114690685875   -0.024794665748
              17 H     -2.245145636331   -5.087036335565    0.851241298728
              18 H     -2.241799324665   -5.083077354537   -0.903219531941
              19 C     -0.787443701899   -6.428183747951   -0.026268306593
              20 H     -0.144872899471   -6.504627762420    0.858784360521
              21 H     -0.141007327843   -6.500277498542   -0.908867644404
              22 C      1.467041948738    2.586783164435   -0.002624201401
              23 H      2.137135160165    2.577087362950    0.868566252213
              24 H      2.138831108370    2.581415418573   -0.872539130016
              25 C      0.651727647369    3.886279058030   -0.000200514063
              26 H     -0.005487341439    3.917224050046   -0.880508396925
              27 H     -0.007408804016    3.912818228136    0.878810078105
              28 C      1.540534875033    5.140816402829    0.003946115703
              29 H      2.200617777103    5.113150855398    0.882151745947
              30 H      2.202756288377    5.117432924573   -0.872772379202
              31 C      0.737808658208    6.449621786991    0.006181779640
              32 H      0.091398331331    6.517543794685    0.889081296772
              33 H      0.094047577892    6.522207814681   -0.878281138758
              34 C      4.048429898709   -0.036075181297   -0.010005804480
              35 H     -1.451799668586   -7.298827957964   -0.029862021448
              36 H      1.396644795348    7.324574628266    0.009478709480
              37 C      5.474665803083   -0.092278217810   -0.009779307191
              38 C      6.146617105857   -1.340493264101   -0.011846981573
              39 C      7.543643428005   -1.392070878311   -0.011613682096
              40 C      8.298193374872   -0.207274712541   -0.009345633157
              41 C      7.642463564219    1.035029862810   -0.007302906058
              42 C      6.245823600834    1.097121579198   -0.007525980396
              43 H      9.384153505340   -0.251618179750   -0.009179732380
              44 H      8.221001188850    1.955345757416   -0.005548909771
              45 H      5.561238363405   -2.255457497699   -0.013598713577
              46 H      5.737153198410    2.056813046038   -0.005973297516
              47 H      8.045576296880   -2.356327260718   -0.013208960266
------------------------ !GEOMETRY! -------------------------
    Number of atoms:    48 
    Geometry Index:     3 
    Coordinates:
               0 C     -2.789393618367    0.056084852190   -0.012023182671
               1 C      2.819038326338    0.006072845518   -0.009187172455
               2 C     -1.425234087744   -0.004634771513   -0.011526266514
               3 C     -0.695156512586   -1.267448457111   -0.014479394792
               4 C      0.683965595230   -1.199304985178   -0.013402773884
               5 C      1.403005473186    0.035309386039   -0.009697494484
               6 C      0.686096853219    1.283466907062   -0.006697074917
               7 C     -0.696131740891    1.252872885572   -0.007726316923
               8 H      1.264864947783   -2.115147147912   -0.015492386829
               9 H     -1.267161742944    2.173471367689   -0.005645551707
              10 C     -1.493948529399   -2.559245293501   -0.018779921806
              11 H     -2.160364375894   -2.547589212627   -0.893752078979
              12 H     -2.163557742749   -2.551428403674    0.853797326212
              13 C     -0.684923643145   -3.864795926009   -0.020205466065
              14 H     -0.027029001534   -3.892824630787   -0.898855509657
              15 H     -0.030454144167   -3.896805840922    0.860868345847
              16 C     -1.582209267942   -5.114911562000   -0.024847750751
              17 H     -2.243460433393   -5.088993702913    0.851282553934
              18 H     -2.239797223752   -5.085079761975   -0.903607686398
              19 C     -0.782616066285   -6.427922070032   -0.026137091500
              20 H     -0.140903950640   -6.501489650473    0.858988189424
              21 H     -0.136711304664   -6.497169872411   -0.908556809215
              22 C      1.469547797132    2.586984387286   -0.002625743058
              23 H      2.137619715130    2.577617163701    0.869100153342
              24 H      2.139367834411    2.582000403994   -0.873038945140
              25 C      0.651187224474    3.886242977974   -0.000187355995
              26 H     -0.004450930543    3.917140999583   -0.880673314477
              27 H     -0.006508588180    3.912619952727    0.878906117666
              28 C      1.541138620708    5.141768898888    0.004115809537
              29 H      2.199489711112    5.115219609117    0.882611199882
              30 H      2.201783153886    5.119613918949   -0.872778344633
              31 C      0.734952952420    6.450738936619    0.006363169282
              32 H      0.089205350383    6.516270871034    0.889138988166
              33 H      0.092023530915    6.521064112658   -0.878099693649
              34 C      4.048181529285   -0.037719134454   -0.010059097678
              35 H     -1.445391043763   -7.299082190659   -0.029833175367
              36 H      1.392895684740    7.325675103190    0.009783537641
              37 C      5.475119181057   -0.093989088513   -0.009825831991
              38 C      6.146504825181   -1.343237463481   -0.011637997805
              39 C      7.544460728058   -1.395068393905   -0.011415981972
              40 C      8.299885798926   -0.209449537466   -0.009416003847
              41 C      7.643700617915    1.033928032446   -0.007631752360
              42 C      6.246110475239    1.096258070357   -0.007844334108
              43 H      9.385436869816   -0.253941578977   -0.009260799511
              44 H      8.222259410063    1.953775976409   -0.006091211789
              45 H      5.561012132186   -2.257702870860   -0.013183321240
              46 H      5.737620610435    2.055640356828   -0.006498386466
              47 H      8.046202789352   -2.358990118477   -0.012809640301
------------------------ !GEOMETRY! -------------------------
    Number of atoms:    48 
    Geometry Index:     4 
    Coordinates:
               0 C     -2.789830273603    0.057762911926   -0.012008708226
               1 C      2.818426915429    0.004498093024   -0.009221623826
               2 C     -1.425188538156   -0.004196903142   -0.011547150526
               3 C     -0.696314434731   -1.267463235271   -0.014516507983
               4 C      0.683132547966   -1.200511967225   -0.013446853267
               5 C      1.402149131061    0.034106840186   -0.009716389536
               6 C      0.686423850973    1.282634515043   -0.006715688994
               7 C     -0.696122074869    1.253447821909   -0.007770958415
               8 H      1.263290270550   -2.116797095969   -0.015541903868
               9 H     -1.266071173049    2.174677713964   -0.005709386102
              10 C     -1.496167479495   -2.559247677275   -0.018864476574
              11 H     -2.161081799331   -2.548384242085   -0.894802169634
              12 H     -2.164533765668   -2.552131076960    0.854484775723
              13 C     -0.685249882956   -3.864587104283   -0.020104116315
              14 H     -0.028270461292   -3.892776847954   -0.899298381187
              15 H     -0.032017206463   -3.896711508216    0.861749181090
              16 C     -1.583446586191   -5.114899767057   -0.024882373079
              17 H     -2.243780604534   -5.089735027291    0.851861871270
              18 H     -2.239768981982   -5.085870199722   -0.904515760191
              19 C     -0.781821047411   -6.427856397294   -0.025973460857
              20 H     -0.140696145225   -6.499579360206    0.859745105037
              21 H     -0.136137344198   -6.495291211207   -0.908711635107
              22 C      1.471450503341    2.585924469724   -0.002636811159
              23 H      2.138196977873    2.576645355153    0.869955309906
              24 H      2.139978050094    2.581029233063   -0.873894317495
              25 C      0.652011401860    3.885378600650   -0.000216483904
              26 H     -0.002473370868    3.916770037213   -0.881413724698
              27 H     -0.004654112471    3.912193372160    0.879503995009
              28 C      1.543479113689    5.140667746910    0.004188776154
              29 H      2.200625710098    5.114558746775    0.883492561980
              30 H      2.203070335883    5.118997852104   -0.873403887853
              31 C      0.735843427451    6.449929639070    0.006398346274
              32 H      0.090435603378    6.513881318310    0.889557808288
              33 H      0.093429578366    6.518738807233   -0.878577854374
              34 C      4.047620299394   -0.038080489427   -0.010078780048
              35 H     -1.444612666029   -7.299098690086   -0.029786594774
              36 H      1.394153184516    7.324681421731    0.009912324813
              37 C      5.474808607755   -0.093490583014   -0.009857010147
              38 C      6.146360309852   -1.342629508528   -0.011795048324
              39 C      7.544508032950   -1.393623654563   -0.011583741233
              40 C      8.299400885177   -0.207421851771   -0.009468482541
              41 C      7.642443507207    1.035768242212   -0.007554460542
              42 C      6.244649366176    1.097448799515   -0.007754275324
              43 H      9.385032413540   -0.251333623258   -0.009322721782
              44 H      8.220729310215    1.955883742338   -0.005923371847
              45 H      5.561246857911   -2.257385968150   -0.013428615225
              46 H      5.735587027851    2.056576207086   -0.006307557557
              47 H      8.047028517961   -2.357231147346   -0.013074243028
------------------------ !GEOMETRY! -------------------------
    Number of atoms:    48 
    Geometry Index:     5 
    Coordinates:
               0 C     -2.789250690490    0.057936791796   -0.011978440388
               1 C      2.818441186592    0.003573100521   -0.009293427173
               2 C     -1.424568147151   -0.004673973982   -0.011593357271
               3 C     -0.696249130588   -1.267874343286   -0.014585460823
               4 C      0.683232353552   -1.201355079672   -0.013534153407
               5 C      1.402083741896    0.033209419014   -0.009794020920
               6 C      0.686752035356    1.281750955853   -0.006764099293
               7 C     -0.695819935450    1.252925791955   -0.007818541901
               8 H      1.263197139279   -2.117814760185   -0.015642842812
               9 H     -1.265520296736    2.174377231505   -0.005747375356
              10 C     -1.496654583256   -2.559416050520   -0.018968616575
              11 H     -2.160989476512   -2.548651768363   -0.895397124294
              12 H     -2.164651461266   -2.552313708313    0.854714008022
              13 C     -0.685988539456   -3.865098739879   -0.020055941385
              14 H     -0.029347847497   -3.893761236992   -0.899546649254
              15 H     -0.033327157629   -3.897630554125    0.862264317918
              16 C     -1.584994393880   -5.114929053088   -0.024913721946
              17 H     -2.245027049744   -5.089694067861    0.852125771190
              18 H     -2.240761638186   -5.085892286192   -0.905031038915
              19 C     -0.783502862698   -6.428224802029   -0.025844212741
              20 H     -0.142715252884   -6.499503010159    0.860230151949
              21 H     -0.137885890659   -6.495263768173   -0.908737435475
              22 C      1.472247630621    2.584906341547   -0.002662437982
              23 H      2.138518876259    2.575597654435    0.870333890368
              24 H      2.140290512964    2.580023317117   -0.874332834861
              25 C      0.652914174569    3.884569242205   -0.000206579511
              26 H     -0.001101224353    3.916336559164   -0.881802735116
              27 H     -0.003333989865    3.911681141756    0.879880075862
              28 C      1.544978860442    5.139532352808    0.004282247146
              29 H      2.201657355102    5.113464582530    0.884005825832
              30 H      2.204178478948    5.117973415122   -0.873676464468
              31 C      0.737225105797    6.448978535509    0.006508515326
              32 H      0.091954741840    6.512343231073    0.889887167503
              33 H      0.095047391978    6.517286501171   -0.878754140211
              34 C      4.047570382556   -0.037828469368   -0.010119392648
              35 H     -1.446882132438   -7.299111750261   -0.029732730420
              36 H      1.395944162011    7.323513463485    0.010099794020
              37 C      5.474806273135   -0.092406584132   -0.009888350724
              38 C      6.146864313540   -1.341116528929   -0.011718810871
              39 C      7.544939143970   -1.391233452716   -0.011503619784
              40 C      8.299040513955   -0.204702823055   -0.009491676330
              41 C      7.641470318565    1.037984886606   -0.007686855662
              42 C      6.243742075911    1.098933373539   -0.007891518431
              43 H      9.384770975198   -0.247995386439   -0.009343033419
              44 H      8.219407234500    1.958415957796   -0.006136693190
              45 H      5.562231187004   -2.256245229475   -0.013273305492
              46 H      5.734127092224    2.057830158457   -0.006528406013
              47 H      8.048212232979   -2.354540227773   -0.012911190074
