-------------------------------------------------------------
----------------------- !PROPERTIES! ------------------------
-------------------------------------------------------------
# -----------------------------------------------------------
$ PAL_Flags
   description: The PAL Flags
   geom. index: 1
   prop. index: 1
        Diskflag:     2
# -----------------------------------------------------------
$ SCF_Energy
   description: The SCF energy
   geom. index: 1
   prop. index: 1
        SCF Energy:     -890.6981884828
# -----------------------------------------------------------
$ DFT_Energy
   description: The DFT energy
   geom. index: 1
   prop. index: 1
   Number of Alpha Electrons                 83.0001995534 
   Number of Beta  Electrons                 80.0001962855 
   Total number of  Electrons               163.0003958389 
   Exchange energy                         -101.5605260627 
   Correlation energy                        -6.3003438654 
   Correlation energy NL                      0.0000000000 
   Exchange-Correlation energy             -107.8608699281 
   Embedding correction                       0.0000000000 
   Total DFT Energy (No VdW correction)    -890.6981884828 
# -----------------------------------------------------------
$ Mayer_Pop
   description: The Mayer population analysis
   geom. index: 1
   prop. index: 1
     Number of atoms                     : 48
     Threshold for printing              : 0.1000000
     Number of bond orders printed       : 50
  NA   - Mulliken gross atomic population
  ZA   - Total nuclear charge
  QA   - Mulliken gross atomic charge
  VA   - Mayer's total valence
  BVA  - Mayer's bonded valence
  FA   - Mayer's free valence
  ATOM       NA         ZA         QA         VA         BVA        FA
  0   0     6.1978     6.0000    -0.1978     3.6583     1.5753     2.0830
  1   0     5.7468     6.0000     0.2532     2.5689     2.5650     0.0039
  2   0     5.8829     6.0000     0.1171     3.9479     3.9045     0.0434
  3   0     6.0489     6.0000    -0.0489     4.1013     4.0675     0.0338
  4   0     5.9929     6.0000     0.0071     3.8994     3.8901     0.0093
  5   0     6.1730     6.0000    -0.1730     3.8325     3.7942     0.0383
  6   0     6.0729     6.0000    -0.0729     4.1538     4.1446     0.0092
  7   0     5.9646     6.0000     0.0354     3.8907     3.8557     0.0350
  8   0     1.0547     1.0000    -0.0547     1.0032     1.0031     0.0001
  9   0     1.0495     1.0000    -0.0495     1.0015     1.0014     0.0001
 10   0     5.9526     6.0000     0.0474     4.0186     4.0183     0.0003
 11   0     0.9706     1.0000     0.0294     0.9696     0.9695     0.0001
 12   0     0.9706     1.0000     0.0294     0.9696     0.9695     0.0001
 13   0     6.0368     6.0000    -0.0368     4.1171     4.1171     0.0000
 14   0     0.9832     1.0000     0.0168     0.9632     0.9632     0.0000
 15   0     0.9832     1.0000     0.0168     0.9632     0.9632     0.0000
 16   0     6.0246     6.0000    -0.0246     4.1173     4.1173     0.0000
 17   0     0.9937     1.0000     0.0063     0.9673     0.9673     0.0000
 18   0     0.9937     1.0000     0.0063     0.9673     0.9673     0.0000
 19   0     5.9973     6.0000     0.0027     4.0179     4.0179     0.0000
 20   0     0.9831     1.0000     0.0169     0.9773     0.9773     0.0000
 21   0     0.9831     1.0000     0.0169     0.9773     0.9773     0.0000
 22   0     5.9611     6.0000     0.0389     4.0297     4.0296     0.0001
 23   0     0.9682     1.0000     0.0318     0.9692     0.9692     0.0000
 24   0     0.9682     1.0000     0.0318     0.9692     0.9692     0.0000
 25   0     6.0340     6.0000    -0.0340     4.1136     4.1136     0.0000
 26   0     0.9839     1.0000     0.0161     0.9633     0.9633     0.0000
 27   0     0.9839     1.0000     0.0161     0.9633     0.9633     0.0000
 28   0     6.0252     6.0000    -0.0252     4.1186     4.1186     0.0000
 29   0     0.9947     1.0000     0.0053     0.9674     0.9674     0.0000
 30   0     0.9947     1.0000     0.0053     0.9674     0.9674     0.0000
 31   0     5.9960     6.0000     0.0040     4.0170     4.0170     0.0000
 32   0     0.9829     1.0000     0.0171     0.9773     0.9773     0.0000
 33   0     0.9829     1.0000     0.0171     0.9773     0.9773     0.0000
 34   0     5.8502     6.0000     0.1498     2.6579     2.6457     0.0122
 35   0     0.9871     1.0000     0.0129     0.9735     0.9735     0.0000
 36   0     0.9876     1.0000     0.0124     0.9734     0.9734     0.0000
 37   0     6.2517     6.0000    -0.2517     3.9282     3.9276     0.0006
 38   0     5.9691     6.0000     0.0309     3.9940     3.9930     0.0010
 39   0     5.9591     6.0000     0.0409     3.9990     3.9988     0.0002
 40   0     5.9673     6.0000     0.0327     3.9984     3.9972     0.0012
 41   0     5.9592     6.0000     0.0408     3.9985     3.9983     0.0002
 42   0     5.9722     6.0000     0.0278     3.9936     3.9926     0.0010
 43   0     1.0276     1.0000    -0.0276     0.9688     0.9688     0.0000
 44   0     1.0278     1.0000    -0.0278     0.9684     0.9684     0.0000
 45   0     1.0410     1.0000    -0.0410     0.9835     0.9835     0.0000
 46   0     1.0401     1.0000    -0.0401     0.9832     0.9832     0.0000
 47   0     1.0277     1.0000    -0.0277     0.9683     0.9683     0.0000
      Bond orders larger than 0.1000000
           Atom A     A.N. of A          Atom B    A.N. of B              Bond order
                0             6               2            6                1.283231
                1             6               5            6                0.920647
                1             6              34            6                1.742540
                1             6              37            6               -0.170942
                2             6               3            6                1.259371
                2             6               7            6                1.237417
                3             6               4            6                1.481324
                3             6              10            6                1.076810
                4             6               5            6                1.343429
                4             6               8            1                0.922853
                5             6               6            6                1.355512
                6             6               7            6                1.490259
                6             6              22            6                1.090503
                7             6               9            1                0.918347
               10             6              11            1                0.901090
               10             6              12            1                0.901091
               10             6              13            6                1.103266
               13             6              14            1                0.929478
               13             6              15            1                0.929488
               13             6              16            6                1.075058
               16             6              17            1                0.941178
               16             6              18            1                0.941181
               16             6              19            6                1.106043
               19             6              20            1                0.966284
               19             6              21            1                0.966282
               19             6              35            1                0.961894
               22             6              23            1                0.897960
               22             6              24            1                0.898038
               22             6              25            6                1.104031
               25             6              26            1                0.929132
               25             6              27            1                0.929137
               25             6              28            6                1.075375
               28             6              29            1                0.941014
               28             6              30            1                0.941012
               28             6              31            6                1.106271
               31             6              32            1                0.966185
               31             6              33            1                0.966189
               31             6              36            1                0.961629
               34             6              37            6                0.934450
               37             6              38            6                1.436911
               37             6              42            6                1.435146
               38             6              39            6                1.471920
               38             6              45            1                0.940135
               39             6              40            6                1.442800
               39             6              47            1                0.937903
               40             6              41            6                1.442037
               40             6              43            1                0.943294
               41             6              42            6                1.472113
               41             6              44            1                0.937929
               42             6              46            1                0.940549
# -----------------------------------------------------------
$ PAL_Flags
   description: The PAL Flags
   geom. index: 2
   prop. index: 1
        Diskflag:     2
# -----------------------------------------------------------
$ SCF_Energy
   description: The SCF energy
   geom. index: 2
   prop. index: 1
        SCF Energy:     -890.6981910320
# -----------------------------------------------------------
$ DFT_Energy
   description: The DFT energy
   geom. index: 2
   prop. index: 1
   Number of Alpha Electrons                 83.0002000663 
   Number of Beta  Electrons                 80.0001967366 
   Total number of  Electrons               163.0003968029 
   Exchange energy                         -101.5614410695 
   Correlation energy                        -6.3003742925 
   Correlation energy NL                      0.0000000000 
   Exchange-Correlation energy             -107.8618153620 
   Embedding correction                       0.0000000000 
   Total DFT Energy (No VdW correction)    -890.6981910320 
# -----------------------------------------------------------
$ PAL_Flags
   description: The PAL Flags
   geom. index: 3
   prop. index: 1
        Diskflag:     2
# -----------------------------------------------------------
$ SCF_Energy
   description: The SCF energy
   geom. index: 3
   prop. index: 1
        SCF Energy:     -890.6981910207
# -----------------------------------------------------------
$ DFT_Energy
   description: The DFT energy
   geom. index: 3
   prop. index: 1
   Number of Alpha Electrons                 83.0002004678 
   Number of Beta  Electrons                 80.0001971186 
   Total number of  Electrons               163.0003975864 
   Exchange energy                         -101.5615181661 
   Correlation energy                        -6.3003680729 
   Correlation energy NL                      0.0000000000 
   Exchange-Correlation energy             -107.8618862390 
   Embedding correction                       0.0000000000 
   Total DFT Energy (No VdW correction)    -890.6981910207 
# -----------------------------------------------------------
$ Mayer_Pop
   description: The Mayer population analysis
   geom. index: 3
   prop. index: 1
     Number of atoms                     : 48
     Threshold for printing              : 0.1000000
     Number of bond orders printed       : 50
  NA   - Mulliken gross atomic population
  ZA   - Total nuclear charge
  QA   - Mulliken gross atomic charge
  VA   - Mayer's total valence
  BVA  - Mayer's bonded valence
  FA   - Mayer's free valence
  ATOM       NA         ZA         QA         VA         BVA        FA
  0   0     6.1978     6.0000    -0.1978     3.6583     1.5751     2.0832
  1   0     5.7466     6.0000     0.2534     2.5688     2.5649     0.0039
  2   0     5.8830     6.0000     0.1170     3.9480     3.9046     0.0434
  3   0     6.0489     6.0000    -0.0489     4.1014     4.0676     0.0338
  4   0     5.9930     6.0000     0.0070     3.8998     3.8905     0.0093
  5   0     6.1731     6.0000    -0.1731     3.8328     3.7946     0.0382
  6   0     6.0727     6.0000    -0.0727     4.1533     4.1441     0.0092
  7   0     5.9649     6.0000     0.0351     3.8906     3.8556     0.0350
  8   0     1.0547     1.0000    -0.0547     1.0032     1.0031     0.0001
  9   0     1.0495     1.0000    -0.0495     1.0015     1.0014     0.0001
 10   0     5.9521     6.0000     0.0479     4.0186     4.0183     0.0003
 11   0     0.9708     1.0000     0.0292     0.9696     0.9695     0.0001
 12   0     0.9708     1.0000     0.0292     0.9696     0.9695     0.0001
 13   0     6.0367     6.0000    -0.0367     4.1172     4.1172     0.0000
 14   0     0.9832     1.0000     0.0168     0.9632     0.9632     0.0000
 15   0     0.9833     1.0000     0.0167     0.9632     0.9632     0.0000
 16   0     6.0245     6.0000    -0.0245     4.1172     4.1172     0.0000
 17   0     0.9938     1.0000     0.0062     0.9673     0.9673     0.0000
 18   0     0.9938     1.0000     0.0062     0.9673     0.9673     0.0000
 19   0     5.9974     6.0000     0.0026     4.0178     4.0178     0.0000
 20   0     0.9831     1.0000     0.0169     0.9773     0.9773     0.0000
 21   0     0.9831     1.0000     0.0169     0.9773     0.9773     0.0000
 22   0     5.9608     6.0000     0.0392     4.0298     4.0297     0.0001
 23   0     0.9683     1.0000     0.0317     0.9692     0.9692     0.0000
 24   0     0.9683     1.0000     0.0317     0.9692     0.9692     0.0000
 25   0     6.0337     6.0000    -0.0337     4.1135     4.1135     0.0000
 26   0     0.9839     1.0000     0.0161     0.9633     0.9633     0.0000
 27   0     0.9839     1.0000     0.0161     0.9633     0.9633     0.0000
 28   0     6.0252     6.0000    -0.0252     4.1186     4.1186     0.0000
 29   0     0.9947     1.0000     0.0053     0.9674     0.9674     0.0000
 30   0     0.9947     1.0000     0.0053     0.9674     0.9674     0.0000
 31   0     5.9960     6.0000     0.0040     4.0169     4.0169     0.0000
 32   0     0.9829     1.0000     0.0171     0.9773     0.9773     0.0000
 33   0     0.9829     1.0000     0.0171     0.9773     0.9773     0.0000
 34   0     5.8505     6.0000     0.1495     2.6583     2.6461     0.0122
 35   0     0.9870     1.0000     0.0130     0.9735     0.9735     0.0000
 36   0     0.9876     1.0000     0.0124     0.9734     0.9734     0.0000
 37   0     6.2517     6.0000    -0.2517     3.9281     3.9275     0.0006
 38   0     5.9693     6.0000     0.0307     3.9941     3.9931     0.0010
 39   0     5.9591     6.0000     0.0409     3.9989     3.9987     0.0002
 40   0     5.9670     6.0000     0.0330     3.9984     3.9972     0.0012
 41   0     5.9593     6.0000     0.0407     3.9986     3.9984     0.0002
 42   0     5.9719     6.0000     0.0281     3.9934     3.9924     0.0010
 43   0     1.0278     1.0000    -0.0278     0.9687     0.9687     0.0000
 44   0     1.0278     1.0000    -0.0278     0.9684     0.9684     0.0000
 45   0     1.0409     1.0000    -0.0409     0.9835     0.9835     0.0000
 46   0     1.0402     1.0000    -0.0402     0.9832     0.9832     0.0000
 47   0     1.0277     1.0000    -0.0277     0.9683     0.9683     0.0000
      Bond orders larger than 0.1000000
           Atom A     A.N. of A          Atom B    A.N. of B              Bond order
                0             6               2            6                1.283115
                1             6               5            6                0.920617
                1             6              34            6                1.742765
                1             6              37            6               -0.171020
                2             6               3            6                1.259526
                2             6               7            6                1.237474
                3             6               4            6                1.481151
                3             6              10            6                1.076913
                4             6               5            6                1.344112
                4             6               8            1                0.922840
                5             6               6            6                1.355116
                6             6               7            6                1.490017
                6             6              22            6                1.090600
                7             6               9            1                0.918354
               10             6              11            1                0.901039
               10             6              12            1                0.901026
               10             6              13            6                1.103348
               13             6              14            1                0.929521
               13             6              15            1                0.929545
               13             6              16            6                1.074917
               16             6              17            1                0.941276
               16             6              18            1                0.941277
               16             6              19            6                1.105897
               19             6              20            1                0.966336
               19             6              21            1                0.966332
               19             6              35            1                0.961943
               22             6              23            1                0.897935
               22             6              24            1                0.897956
               22             6              25            6                1.104055
               25             6              26            1                0.929236
               25             6              27            1                0.929226
               25             6              28            6                1.075211
               28             6              29            1                0.941128
               28             6              30            1                0.941127
               28             6              31            6                1.106135
               31             6              32            1                0.966233
               31             6              33            1                0.966237
               31             6              36            1                0.961675
               34             6              37            6                0.934563
               37             6              38            6                1.437144
               37             6              42            6                1.434818
               38             6              39            6                1.471886
               38             6              45            1                0.940160
               39             6              40            6                1.442737
               39             6              47            1                0.937930
               40             6              41            6                1.442147
               40             6              43            1                0.943295
               41             6              42            6                1.472025
               41             6              44            1                0.937941
               42             6              46            1                0.940551
# -----------------------------------------------------------
$ SCF_Electric_Properties
   description: The SCF Calculated Electric Properties
   geom. index: 3
   prop. index: 1
       Filename                          : opt.scfp 
       Do Dipole Moment Calculation      : true 
       Do Quadrupole Moment Calculation  : false 
       Do Polarizability Calculation     : false 
** Dipole moment part of electric properties **
        Magnitude of dipole moment (Debye) :        1.1494728034
        Electronic Contribution:
                  0    
      0      11.100880
      1      -0.252848
      2      -0.000835
        Nuclear Contribution:
                  0    
      0     -10.650616
      1       0.210747
      2       0.000901
        Total Dipole moment:
                  0    
      0       0.450264
      1      -0.042101
      2       0.000067
# -------------------------------------------------------------
----------------------- !GEOMETRIES! ------------------------
# -------------------------------------------------------------
------------------------ !GEOMETRY! -------------------------
    Number of atoms:    48 
    Geometry Index:     1 
    Coordinates:
               0 C     -2.831396071515    0.021104563997   -0.012641938694
               1 C      2.816856726462   -0.008328955859   -0.008943258848
               2 C     -1.419537658838    0.001261009064   -0.011722282140
               3 C     -0.709937046879   -1.250915112984   -0.014243995086
               4 C      0.675806712312   -1.194488229413   -0.013198676338
               5 C      1.396889899264    0.027161314963   -0.009775649040
               6 C      0.693138562540    1.270434656938   -0.007169388776
               7 C     -0.693327388848    1.232572494885   -0.008242063428
               8 H      1.253281301638   -2.119532743398   -0.015037118134
               9 H     -1.270220073533    2.156409648611   -0.006421274731
              10 C     -1.493369510809   -2.545554291006   -0.017775662308
              11 H     -2.168844049432   -2.534335280578   -0.894719004896
              12 H     -2.170258140980   -2.538202535034    0.858121602419
              13 C     -0.684913971703   -3.845409211691   -0.019953295947
              14 H     -0.021185008644   -3.871791307897   -0.904310052552
              15 H     -0.022638589299   -3.875623324588    0.865366343506
              16 C     -1.573349659315   -5.094801519914   -0.023315647491
              17 H     -2.240312512256   -5.069925686470    0.858937126129
              18 H     -2.238685815029   -5.066328588441   -0.906683923935
              19 C     -0.775094434370   -6.400389875830   -0.025238147297
              20 H     -0.126177976557   -6.475106895943    0.864748956776
              21 H     -0.124396859040   -6.471390893860   -0.914234257592
              22 C      1.475709393697    2.570200895287   -0.003587475421
              23 H      2.151562220343    2.561099398854    0.871941698633
              24 H      2.152586991242    2.565251984701   -0.878360345583
              25 C      0.664475836272    3.868005574672   -0.001045878950
              26 H      0.001883151339    3.898364879984   -0.886151013647
              27 H      0.000628058453    3.894170247804    0.883255126255
              28 C      1.551314632829    5.118576669530    0.002455681353
              29 H      2.216718705055    5.090697394217    0.885857229252
              30 H      2.218236850971    5.094566777301   -0.879915233977
              31 C      0.751788885566    6.423401131930    0.004628832514
              32 H      0.100997605563    6.493490159673    0.893611803038
              33 H      0.102720533580    6.497514916100   -0.885281117485
              34 C      4.040740270556   -0.049684932310   -0.010048757840
              35 H     -1.439319993712   -7.279640108320   -0.027752397910
              36 H      1.414954094771    7.303479229744    0.007274492646
              37 C      5.466066558880   -0.097028500359   -0.009571957241
              38 C      6.145808774089   -1.335590850875   -0.018814750746
              39 C      7.539362243684   -1.375967729012   -0.018263103293
              40 C      8.282104597828   -0.189618574871   -0.008565094668
              41 C      7.619225146442    1.043198321846    0.000606594862
              42 C      6.226075863755    1.094106385746    0.000116872106
              43 H      9.374306544717   -0.226005971731   -0.008129166421
              44 H      8.193230952356    1.972960284855    0.008310381320
              45 H      5.565056576965   -2.259870459987   -0.026530510263
              46 H      5.707312555085    2.054702477441    0.007412931718
              47 H      8.051398304505   -2.341332487772   -0.025578701847
------------------------ !GEOMETRY! -------------------------
    Number of atoms:    48 
    Geometry Index:     2 
    Coordinates:
               0 C     -2.832043949164    0.020754000132   -0.012614861415
               1 C      2.816237866044   -0.006120590395   -0.008876361159
               2 C     -1.420143656607    0.001877316136   -0.011615928107
               3 C     -0.709843593631   -1.249801752957   -0.014281950889
               4 C      0.675817180763   -1.192462574060   -0.013108357565
               5 C      1.396291420292    0.029470736877   -0.009563896423
               6 C      0.691979039308    1.272423069367   -0.006839334391
               7 C     -0.694542764858    1.233614193250   -0.007937937441
               8 H      1.254143847726   -2.117033774027   -0.015056187677
               9 H     -1.272232193126    2.157082439948   -0.006005952233
              10 C     -1.491729507103   -2.545191702701   -0.018200198463
              11 H     -2.166927502579   -2.534502553410   -0.894817571166
              12 H     -2.168620490593   -2.538740451605    0.857150946316
              13 C     -0.681732278609   -3.844230343137   -0.020543238656
              14 H     -0.017966447982   -3.869725860672   -0.904399484085
              15 H     -0.019761927167   -3.873998640333    0.864527865995
              16 C     -1.569061441511   -5.094785829724   -0.024441064258
              17 H     -2.236090477472   -5.070608153988    0.857278869823
              18 H     -2.234130445751   -5.066512394424   -0.907521177224
              19 C     -0.769590031539   -6.400034225633   -0.026591310992
              20 H     -0.120957385147   -6.474278561138    0.863396406537
              21 H     -0.118788402889   -6.470012641001   -0.915341250043
              22 C      1.473407205566    2.572698433229   -0.002952858526
              23 H      2.148996021530    2.563786589058    0.872312283975
              24 H      2.150218157678    2.568249998006   -0.877307777368
              25 C      0.661609742945    3.870339597806   -0.000236051948
              26 H     -0.000683298445    3.900829839068   -0.885064997497
              27 H     -0.002173322339    3.896247863036    0.883618960270
              28 C      1.548551621668    5.121286955555    0.003713618883
              29 H      2.213731691529    5.092961147933    0.886782472568
              30 H      2.215460945372    5.097293983130   -0.878175133824
              31 C      0.749194887332    6.426633532641    0.006149422716
              32 H      0.098450280093    6.496425965475    0.894931074042
              33 H      0.100432168444    6.500964322912   -0.883711507849
              34 C      4.040043153977   -0.048680921322   -0.010080717689
              35 H     -1.433054139253   -7.280049433495   -0.029520274391
              36 H      1.412547622655    7.306768749380    0.009143307908
              37 C      5.465295596735   -0.098615717178   -0.009758301072
              38 C      6.142422366528   -1.338741745472   -0.011835172212
              39 C      7.535952612399   -1.382216257767   -0.011443056361
              40 C      8.281148597659   -0.197327812158   -0.009021442445
              41 C      7.620943634230    1.037033536956   -0.006994062323
              42 C      6.227832497078    1.091001553544   -0.007360536358
              43 H      9.372953270283   -0.235959242941   -0.008715544942
              44 H      8.197017583098    1.965557240943   -0.005088859169
              45 H      5.559621066801   -2.261780436486   -0.013733569699
              46 H      5.711199036889    2.052654584920   -0.005758496958
              47 H      8.045847931141   -2.348677683277   -0.013066276214
------------------------ !GEOMETRY! -------------------------
    Number of atoms:    48 
    Geometry Index:     3 
    Coordinates:
               0 C     -2.832372286385    0.020293321824   -0.012673782190
               1 C      2.815948322197   -0.003359785176   -0.008874562238
               2 C     -1.420432954835    0.002452739861   -0.011650740451
               3 C     -0.709374956389   -1.248718579881   -0.014316627429
               4 C      0.676247151034   -1.190346829009   -0.013098206724
               5 C      1.395990157410    0.032013022114   -0.009547102208
               6 C      0.690980945412    1.274502673388   -0.006793477983
               7 C     -0.695552300110    1.234643074484   -0.007922910856
               8 H      1.255523492652   -2.114319687794   -0.015015557260
               9 H     -1.274063843523    2.157630009960   -0.005969952167
              10 C     -1.489895477732   -2.544872388288   -0.018303869069
              11 H     -2.165019383064   -2.534890202773   -0.894887735061
              12 H     -2.166965408738   -2.539083465970    0.856813558713
              13 C     -0.678574903166   -3.843149274779   -0.020503165384
              14 H     -0.014664523397   -3.868141714445   -0.904150642639
              15 H     -0.016786937407   -3.872412801185    0.864608325041
              16 C     -1.565109177894   -5.094475558917   -0.024598310337
              17 H     -2.232310924440   -5.070651000468    0.856894102125
              18 H     -2.230017557420   -5.066519638593   -0.907703490030
              19 C     -0.764606993857   -6.399271798182   -0.026630059206
              20 H     -0.116222994727   -6.472895611570    0.863534145748
              21 H     -0.113639599824   -6.468532911505   -0.915256168340
              22 C      1.471272925892    2.575323017589   -0.002841259606
              23 H      2.146768905163    2.566887574039    0.872421618588
              24 H      2.148153069992    2.571346837546   -0.877068803980
              25 C      0.658643178317    3.872512474740   -0.000192227772
              26 H     -0.003507845840    3.902838688245   -0.885022982256
              27 H     -0.005190246478    3.898229192223    0.883518649830
              28 C      1.545479559697    5.123770772605    0.003914276361
              29 H      2.210562628976    5.095343329894    0.886947165540
              30 H      2.212467204728    5.099764886541   -0.877810539352
              31 C      0.745910737817    6.429167252188    0.006342634210
              32 H      0.095138011023    6.498653457576    0.895068226793
              33 H      0.097364920888    6.503335705545   -0.883632980621
              34 C      4.039702828139   -0.047094495036   -0.010050659340
              35 H     -1.427402209390   -7.279814719036   -0.029757162052
              36 H      1.409173992396    7.309394316826    0.009495582463
              37 C      5.464853452537   -0.099872064059   -0.009745089575
              38 C      6.139075380897   -1.341625975834   -0.011166419772
              39 C      7.532526995799   -1.388474709291   -0.010864908179
              40 C      8.280425107341   -0.205272104880   -0.009185309763
              41 C      7.623150341518    1.030677915434   -0.007807856493
              42 C      6.230136304509    1.087990454051   -0.008101726587
              43 H      9.372095896682   -0.246369141481   -0.008969924065
              44 H      8.201473178186    1.957801005563   -0.006529742123
              45 H      5.554032236184   -2.263249777253   -0.012462995789
              46 H      5.715791694715    2.050850938019   -0.007083754001
              47 H      8.040095694517   -2.356142074853   -0.011943054514
