-------------------------------------------------------------
----------------------- !PROPERTIES! ------------------------
-------------------------------------------------------------
# -----------------------------------------------------------
$ PAL_Flags
   description: The PAL Flags
   geom. index: 1
   prop. index: 1
        Diskflag:     2
# -----------------------------------------------------------
$ SCF_Energy
   description: The SCF energy
   geom. index: 1
   prop. index: 1
        SCF Energy:     -928.9018819527
# -----------------------------------------------------------
$ DFT_Energy
   description: The DFT energy
   geom. index: 1
   prop. index: 1
   Number of Alpha Electrons                 85.0001690022 
   Number of Beta  Electrons                 84.0001617198 
   Total number of  Electrons               169.0003307221 
   Exchange energy                         -105.6587345479 
   Correlation energy                        -6.5754498994 
   Correlation energy NL                      0.0000000000 
   Exchange-Correlation energy             -112.2341844473 
   Embedding correction                       0.0000000000 
   Total DFT Energy (No VdW correction)    -928.9018819527 
# -----------------------------------------------------------
$ Mayer_Pop
   description: The Mayer population analysis
   geom. index: 1
   prop. index: 1
     Number of atoms                     : 49
     Threshold for printing              : 0.1000000
     Number of bond orders printed       : 51
  NA   - Mulliken gross atomic population
  ZA   - Total nuclear charge
  QA   - Mulliken gross atomic charge
  VA   - Mayer's total valence
  BVA  - Mayer's bonded valence
  FA   - Mayer's free valence
  ATOM       NA         ZA         QA         VA         BVA        FA
  0   0     6.6060     6.0000    -0.6060     3.3843     3.3773     0.0070
  1   0     5.3654     6.0000     0.6346     2.8607     2.8591     0.0016
  2   0     5.7348     6.0000     0.2652     2.5271     2.5265     0.0006
  3   0     6.0499     6.0000    -0.0499     3.7443     3.7089     0.0354
  4   0     5.9188     6.0000     0.0812     4.1186     4.1038     0.0148
  5   0     6.0295     6.0000    -0.0295     3.8706     3.8358     0.0348
  6   0     6.1419     6.0000    -0.1419     3.8261     3.8191     0.0070
  7   0     6.0873     6.0000    -0.0873     4.1432     4.1048     0.0384
  8   0     5.9730     6.0000     0.0270     3.8907     3.8826     0.0081
  9   0     1.0536     1.0000    -0.0536     1.0032     1.0031     0.0001
 10   0     1.0515     1.0000    -0.0515     1.0028     1.0028     0.0000
 11   0     6.0986     6.0000    -0.0986     3.9291     3.5529     0.3762
 12   0     1.0219     1.0000    -0.0219     1.0093     1.0081     0.0012
 13   0     5.9667     6.0000     0.0333     4.0104     4.0089     0.0015
 14   0     0.9712     1.0000     0.0288     0.9627     0.9616     0.0011
 15   0     0.9712     1.0000     0.0288     0.9627     0.9616     0.0011
 16   0     6.0381     6.0000    -0.0381     4.1311     4.1311     0.0000
 17   0     0.9871     1.0000     0.0129     0.9642     0.9642     0.0000
 18   0     0.9871     1.0000     0.0129     0.9642     0.9642     0.0000
 19   0     5.9938     6.0000     0.0062     4.0162     4.0162     0.0000
 20   0     0.9829     1.0000     0.0171     0.9775     0.9775     0.0000
 21   0     0.9829     1.0000     0.0171     0.9774     0.9774     0.0000
 22   0     5.9608     6.0000     0.0392     4.0301     4.0299     0.0002
 23   0     0.9680     1.0000     0.0320     0.9688     0.9687     0.0001
 24   0     0.9680     1.0000     0.0320     0.9688     0.9687     0.0001
 25   0     6.0344     6.0000    -0.0344     4.1141     4.1141     0.0000
 26   0     0.9830     1.0000     0.0170     0.9630     0.9630     0.0000
 27   0     0.9830     1.0000     0.0170     0.9630     0.9630     0.0000
 28   0     6.0246     6.0000    -0.0246     4.1177     4.1177     0.0000
 29   0     0.9948     1.0000     0.0052     0.9674     0.9674     0.0000
 30   0     0.9948     1.0000     0.0052     0.9674     0.9674     0.0000
 31   0     5.9959     6.0000     0.0041     4.0170     4.0170     0.0000
 32   0     0.9827     1.0000     0.0173     0.9773     0.9773     0.0000
 33   0     0.9827     1.0000     0.0173     0.9773     0.9773     0.0000
 34   0     5.8664     6.0000     0.1336     2.6491     2.6479     0.0012
 35   0     1.0310     1.0000    -0.0310     1.0306     1.0306     0.0000
 36   0     0.9866     1.0000     0.0134     0.9733     0.9733     0.0000
 37   0     0.9878     1.0000     0.0122     0.9734     0.9734     0.0000
 38   0     6.2552     6.0000    -0.2552     3.9282     3.9281     0.0001
 39   0     5.9685     6.0000     0.0315     3.9942     3.9941     0.0001
 40   0     5.9592     6.0000     0.0408     3.9986     3.9986     0.0000
 41   0     5.9666     6.0000     0.0334     3.9988     3.9987     0.0001
 42   0     5.9592     6.0000     0.0408     3.9986     3.9986     0.0000
 43   0     5.9715     6.0000     0.0285     3.9937     3.9936     0.0001
 44   0     1.0273     1.0000    -0.0273     0.9688     0.9688     0.0000
 45   0     1.0276     1.0000    -0.0276     0.9685     0.9685     0.0000
 46   0     1.0407     1.0000    -0.0407     0.9836     0.9836     0.0000
 47   0     1.0396     1.0000    -0.0396     0.9832     0.9832     0.0000
 48   0     1.0274     1.0000    -0.0274     0.9684     0.9684     0.0000
      Bond orders larger than 0.1000000
           Atom A     A.N. of A          Atom B    A.N. of B              Bond order
                0             6               1            6                2.093569
                0             6              35            1                1.120246
                1             6               3            6                0.905201
                2             6               6            6                0.877272
                2             6              34            6                1.756413
                2             6              38            6               -0.175460
                3             6               4            6                1.277129
                3             6               8            6                1.392116
                4             6               5            6                1.289062
                4             6              11            6                1.367118
                5             6               6            6                1.446348
                5             6               9            1                0.919665
                6             6               7            6                1.349316
                7             6               8            6                1.415943
                7             6              22            6                1.095272
                8             6              10            1                0.919995
               11             6              12            1                0.901630
               11             6              13            6                1.083799
               13             6              14            1                0.911676
               13             6              15            1                0.911668
               13             6              16            6                1.071658
               16             6              17            1                0.943657
               16             6              18            1                0.943639
               16             6              19            6                1.106607
               19             6              20            1                0.965279
               19             6              21            1                0.965280
               19             6              36            1                0.960848
               22             6              23            1                0.896128
               22             6              24            1                0.896171
               22             6              25            6                1.103970
               25             6              26            1                0.929238
               25             6              27            1                0.929242
               25             6              28            6                1.075019
               28             6              29            1                0.940848
               28             6              30            1                0.940850
               28             6              31            6                1.106342
               31             6              32            1                0.966167
               31             6              33            1                0.966165
               31             6              37            1                0.961583
               34             6              38            6                0.929193
               38             6              39            6                1.442428
               38             6              43            6                1.439591
               39             6              40            6                1.469662
               39             6              46            1                0.940114
               40             6              41            6                1.444619
               40             6              48            1                0.938028
               41             6              42            6                1.443683
               41             6              44            1                0.943330
               42             6              43            6                1.470352
               42             6              45            1                0.938013
               43             6              47            1                0.940556
# -----------------------------------------------------------
$ PAL_Flags
   description: The PAL Flags
   geom. index: 2
   prop. index: 1
        Diskflag:     2
# -----------------------------------------------------------
$ SCF_Energy
   description: The SCF energy
   geom. index: 2
   prop. index: 1
        SCF Energy:     -928.9018843793
# -----------------------------------------------------------
$ DFT_Energy
   description: The DFT energy
   geom. index: 2
   prop. index: 1
   Number of Alpha Electrons                 85.0001686994 
   Number of Beta  Electrons                 84.0001612399 
   Total number of  Electrons               169.0003299393 
   Exchange energy                         -105.6592802085 
   Correlation energy                        -6.5754581584 
   Correlation energy NL                      0.0000000000 
   Exchange-Correlation energy             -112.2347383669 
   Embedding correction                       0.0000000000 
   Total DFT Energy (No VdW correction)    -928.9018843793 
# -----------------------------------------------------------
$ Mayer_Pop
   description: The Mayer population analysis
   geom. index: 2
   prop. index: 1
     Number of atoms                     : 49
     Threshold for printing              : 0.1000000
     Number of bond orders printed       : 51
  NA   - Mulliken gross atomic population
  ZA   - Total nuclear charge
  QA   - Mulliken gross atomic charge
  VA   - Mayer's total valence
  BVA  - Mayer's bonded valence
  FA   - Mayer's free valence
  ATOM       NA         ZA         QA         VA         BVA        FA
  0   0     6.6058     6.0000    -0.6058     3.3843     3.3773     0.0070
  1   0     5.3654     6.0000     0.6346     2.8608     2.8592     0.0016
  2   0     5.7345     6.0000     0.2655     2.5268     2.5262     0.0006
  3   0     6.0500     6.0000    -0.0500     3.7443     3.7089     0.0354
  4   0     5.9188     6.0000     0.0812     4.1186     4.1038     0.0148
  5   0     6.0297     6.0000    -0.0297     3.8707     3.8359     0.0348
  6   0     6.1420     6.0000    -0.1420     3.8262     3.8192     0.0070
  7   0     6.0873     6.0000    -0.0873     4.1430     4.1046     0.0384
  8   0     5.9730     6.0000     0.0270     3.8906     3.8825     0.0081
  9   0     1.0536     1.0000    -0.0536     1.0032     1.0031     0.0001
 10   0     1.0515     1.0000    -0.0515     1.0028     1.0028     0.0000
 11   0     6.0983     6.0000    -0.0983     3.9291     3.5530     0.3761
 12   0     1.0221     1.0000    -0.0221     1.0093     1.0081     0.0012
 13   0     5.9666     6.0000     0.0334     4.0104     4.0089     0.0015
 14   0     0.9712     1.0000     0.0288     0.9627     0.9616     0.0011
 15   0     0.9712     1.0000     0.0288     0.9627     0.9616     0.0011
 16   0     6.0379     6.0000    -0.0379     4.1310     4.1310     0.0000
 17   0     0.9871     1.0000     0.0129     0.9642     0.9642     0.0000
 18   0     0.9871     1.0000     0.0129     0.9642     0.9642     0.0000
 19   0     5.9939     6.0000     0.0061     4.0163     4.0163     0.0000
 20   0     0.9829     1.0000     0.0171     0.9774     0.9774     0.0000
 21   0     0.9829     1.0000     0.0171     0.9774     0.9774     0.0000
 22   0     5.9605     6.0000     0.0395     4.0302     4.0300     0.0002
 23   0     0.9681     1.0000     0.0319     0.9688     0.9687     0.0001
 24   0     0.9681     1.0000     0.0319     0.9688     0.9687     0.0001
 25   0     6.0342     6.0000    -0.0342     4.1141     4.1141     0.0000
 26   0     0.9830     1.0000     0.0170     0.9630     0.9630     0.0000
 27   0     0.9830     1.0000     0.0170     0.9630     0.9630     0.0000
 28   0     6.0245     6.0000    -0.0245     4.1176     4.1176     0.0000
 29   0     0.9948     1.0000     0.0052     0.9674     0.9674     0.0000
 30   0     0.9948     1.0000     0.0052     0.9674     0.9674     0.0000
 31   0     5.9960     6.0000     0.0040     4.0169     4.0169     0.0000
 32   0     0.9827     1.0000     0.0173     0.9773     0.9773     0.0000
 33   0     0.9827     1.0000     0.0173     0.9773     0.9773     0.0000
 34   0     5.8667     6.0000     0.1333     2.6492     2.6480     0.0012
 35   0     1.0311     1.0000    -0.0311     1.0306     1.0306     0.0000
 36   0     0.9866     1.0000     0.0134     0.9733     0.9733     0.0000
 37   0     0.9877     1.0000     0.0123     0.9734     0.9734     0.0000
 38   0     6.2551     6.0000    -0.2551     3.9280     3.9279     0.0001
 39   0     5.9688     6.0000     0.0312     3.9943     3.9942     0.0001
 40   0     5.9592     6.0000     0.0408     3.9987     3.9987     0.0000
 41   0     5.9664     6.0000     0.0336     3.9988     3.9987     0.0001
 42   0     5.9595     6.0000     0.0405     3.9986     3.9986     0.0000
 43   0     5.9714     6.0000     0.0286     3.9936     3.9935     0.0001
 44   0     1.0274     1.0000    -0.0274     0.9688     0.9688     0.0000
 45   0     1.0275     1.0000    -0.0275     0.9685     0.9685     0.0000
 46   0     1.0405     1.0000    -0.0405     0.9836     0.9836     0.0000
 47   0     1.0396     1.0000    -0.0396     0.9832     0.9832     0.0000
 48   0     1.0274     1.0000    -0.0274     0.9684     0.9684     0.0000
      Bond orders larger than 0.1000000
           Atom A     A.N. of A          Atom B    A.N. of B              Bond order
                0             6               1            6                2.093571
                0             6              35            1                1.120291
                1             6               3            6                0.905293
                2             6               6            6                0.877251
                2             6              34            6                1.756357
                2             6              38            6               -0.175540
                3             6               4            6                1.277045
                3             6               8            6                1.392150
                4             6               5            6                1.288881
                4             6              11            6                1.367353
                5             6               6            6                1.446668
                5             6               9            1                0.919680
                6             6               7            6                1.349107
                7             6               8            6                1.415837
                7             6              22            6                1.095344
                8             6              10            1                0.919977
               11             6              12            1                0.901572
               11             6              13            6                1.083798
               13             6              14            1                0.911712
               13             6              15            1                0.911704
               13             6              16            6                1.071587
               16             6              17            1                0.943709
               16             6              18            1                0.943690
               16             6              19            6                1.106557
               19             6              20            1                0.965313
               19             6              21            1                0.965315
               19             6              36            1                0.960874
               22             6              23            1                0.896091
               22             6              24            1                0.896129
               22             6              25            6                1.104004
               25             6              26            1                0.929298
               25             6              27            1                0.929303
               25             6              28            6                1.074929
               28             6              29            1                0.940925
               28             6              30            1                0.940927
               28             6              31            6                1.106247
               31             6              32            1                0.966205
               31             6              33            1                0.966203
               31             6              37            1                0.961619
               34             6              38            6                0.929255
               38             6              39            6                1.442455
               38             6              43            6                1.439503
               39             6              40            6                1.469752
               39             6              46            1                0.940133
               40             6              41            6                1.444561
               40             6              48            1                0.938025
               41             6              42            6                1.443778
               41             6              44            1                0.943326
               42             6              43            6                1.470189
               42             6              45            1                0.938034
               43             6              47            1                0.940557
# -----------------------------------------------------------
$ SCF_Electric_Properties
   description: The SCF Calculated Electric Properties
   geom. index: 2
   prop. index: 1
       Filename                          : opt.scfp 
       Do Dipole Moment Calculation      : true 
       Do Quadrupole Moment Calculation  : false 
       Do Polarizability Calculation     : false 
** Dipole moment part of electric properties **
        Magnitude of dipole moment (Debye) :        0.9504768156
        Electronic Contribution:
                  0    
      0       9.450158
      1      -2.449554
      2      -0.004777
        Nuclear Contribution:
                  0    
      0      -9.078436
      1       2.408915
      2       0.006145
        Total Dipole moment:
                  0    
      0       0.371721
      1      -0.040639
      2       0.001367
# -------------------------------------------------------------
----------------------- !GEOMETRIES! ------------------------
# -------------------------------------------------------------
------------------------ !GEOMETRY! -------------------------
    Number of atoms:    49 
    Geometry Index:     1 
    Coordinates:
               0 C     -4.052050485284    0.116926797758   -0.001125306896
               1 C     -2.836378212257    0.052263619770   -0.003127293982
               2 C      2.843070518027   -0.006517648880   -0.002319542865
               3 C     -1.409805601308    0.001810626777   -0.003078888413
               4 C     -0.708557012379   -1.259257050954   -0.002689479103
               5 C      0.712795051650   -1.194669125363   -0.002374719608
               6 C      1.414315481751    0.014456280573   -0.002568689906
               7 C      0.706926657646    1.258607364247   -0.003039230759
               8 C     -0.688672321461    1.208329607672   -0.003353235525
               9 H      1.286848095203   -2.121389440380   -0.002022468802
              10 H     -1.261463711076    2.135495981781   -0.003754008968
              11 C     -1.398412306506   -2.492569745991   -0.002619341254
              12 H     -2.491323033195   -2.454263507213   -0.003072594835
              13 C     -0.743848406963   -3.841327393180   -0.002184500520
              14 H     -0.072555041322   -3.937856689903   -0.880844318908
              15 H     -0.071512474152   -3.936810532744    0.875776415785
              16 C     -1.742530560363   -5.005540800698   -0.000907744547
              17 H     -2.400810084325   -4.913593822091    0.882641225250
              18 H     -2.401934746590   -4.914599008436   -0.883726968847
              19 C     -1.066224525843   -6.377386648439   -0.000558520826
              20 H     -0.425030813911   -6.508405363758    0.888510890520
              21 H     -0.426088966992   -6.509375814795   -0.890245286264
              22 C      1.481770968818    2.560039825391   -0.003221451695
              23 H      2.159651430214    2.558698435860    0.871461842553
              24 H      2.160199613912    2.558136188123   -0.877478116179
              25 C      0.663517267249    3.853786306498   -0.003865308364
              26 H      0.000267709742    3.878255562318   -0.888604974594
              27 H     -0.000090722053    3.878895392774    0.880589893042
              28 C      1.543910309021    5.108858308616   -0.004149935571
              29 H      2.210188274572    5.086500681901    0.878768517771
              30 H      2.210174345044    5.086091820063   -0.887067708782
              31 C      0.737630024407    6.409502262929   -0.004450682403
              32 H      0.087384994685    6.478414682410    0.885008129995
              33 H      0.087250189544    6.477922922575   -0.893850095013
              34 C      4.064880431036   -0.030314682026   -0.003349947879
              35 H     -5.122667197042    0.179486543987    0.003014036416
              36 H     -1.808152002656   -7.191937093505    0.000334850808
              37 H      1.396203982637    7.293024133464   -0.004748972765
              38 C      5.492862715911   -0.057907411795   -0.002943775106
              39 C      6.188621228097   -1.286554645146   -0.002979810304
              40 C      7.583010609369   -1.307877976594   -0.002498332840
              41 C      8.308696424322   -0.111218539119   -0.002035880619
              42 C      7.628958580669    1.112210681950   -0.002076105946
              43 C      6.234983981714    1.143495608232   -0.002546028225
              44 H      9.401234586121   -0.132014010448   -0.001653699623
              45 H      8.189555606745    2.049849351354   -0.001725484639
              46 H      5.620264973360   -2.218261662158   -0.003354938994
              47 H      5.702728097502    2.096660354573   -0.002573968991
              48 H      8.108553486714   -2.265885687979   -0.002490292780
------------------------ !GEOMETRY! -------------------------
    Number of atoms:    49 
    Geometry Index:     2 
    Coordinates:
               0 C     -4.052268186967    0.115614094285   -0.001692323597
               1 C     -2.836565043869    0.052159789806   -0.003420878091
               2 C      2.842829384872   -0.004216149339   -0.002351867607
               3 C     -1.410014192135    0.002656020807   -0.003149383161
               4 C     -0.708138882257   -1.258089666015   -0.002726174252
               5 C      0.713185359624   -1.192512353326   -0.002391926948
               6 C      1.414143413557    0.016922466777   -0.002569973443
               7 C      0.706182488717    1.260759091893   -0.003011884327
               8 C     -0.689437999669    1.209566985223   -0.003370284502
               9 H      1.288191302209   -2.118709294678   -0.002057946213
              10 H     -1.263059063346    2.136268932659   -0.003793330626
              11 C     -1.396801047750   -2.492010955251   -0.002645070457
              12 H     -2.489357992866   -2.454707666783   -0.003063740303
              13 C     -0.741126430220   -3.840379605548   -0.002172397313
              14 H     -0.069922054404   -3.936289809318   -0.880793102654
              15 H     -0.068806834991   -3.935155913623    0.875698275131
              16 C     -1.739120154141   -5.005603079121   -0.000787412193
              17 H     -2.397379231040   -4.914276931043    0.882427967083
              18 H     -2.398569295537   -4.915385493902   -0.883230571016
              19 C     -1.061646447138   -6.377130811638   -0.000385437136
              20 H     -0.420495575888   -6.507556956581    0.888638678884
              21 H     -0.421639886777   -6.508640824245   -0.890074073341
              22 C      1.479773979424    2.562725885186   -0.003140710855
              23 H      2.157488938474    2.561724854437    0.871211130346
              24 H      2.158029322861    2.561237050083   -0.877069711004
              25 C      0.660781710873    3.856198084679   -0.003728908145
              26 H     -0.002282221134    3.880554134489   -0.888104269264
              27 H     -0.002671132458    3.881099628594    0.880340780134
              28 C      1.541048430631    5.111788284092   -0.003929836278
              29 H      2.207161101875    5.089299974485    0.878621885010
              30 H      2.207253545176    5.088941071194   -0.886402297497
              31 C      0.734673909625    6.412803397732   -0.004240358276
              32 H      0.084529878925    6.481508316243    0.885049203041
              33 H      0.084509661410    6.481072318574   -0.893548902576
              34 C      4.064589099278   -0.029084040675   -0.003390092353
              35 H     -5.122849716783    0.176841007486    0.002016833459
              36 H     -1.802776393428   -7.192512358845    0.000593990686
              37 H      1.393261781501    7.296516598604   -0.004467573849
              38 C      5.492573841279   -0.059283132650   -0.003026070184
              39 C      6.185759252972   -1.289430759295   -0.002818654089
              40 C      7.580089062329   -1.313816946833   -0.002389696758
              41 C      8.308273382529   -0.118676752890   -0.002188146202
              42 C      7.631219271861    1.106277416430   -0.002419450247
              43 C      6.237203234830    1.140549332014   -0.002850081673
              44 H      9.400532552613   -0.141833247080   -0.001852930454
              45 H      8.194107315604    2.042827260671   -0.002269206315
              46 H      5.615401235650   -2.220202572325   -0.002988176357
              47 H      5.707014615929    2.094785372292   -0.003040417217
              48 H      8.103468118174   -2.273007007731   -0.002217327006
