-------------------------------------------------------------
----------------------- !PROPERTIES! ------------------------
-------------------------------------------------------------
# -----------------------------------------------------------
$ PAL_Flags
   description: The PAL Flags
   geom. index: 1
   prop. index: 1
        Diskflag:     2
# -----------------------------------------------------------
$ SCF_Energy
   description: The SCF energy
   geom. index: 1
   prop. index: 1
        SCF Energy:     -928.9724390665
# -----------------------------------------------------------
$ DFT_Energy
   description: The DFT energy
   geom. index: 1
   prop. index: 1
   Number of Alpha Electrons                 85.0001605010 
   Number of Beta  Electrons                 84.0001501032 
   Total number of  Electrons               169.0003106042 
   Exchange energy                         -105.5509635874 
   Correlation energy                        -6.5768605835 
   Correlation energy NL                      0.0000000000 
   Exchange-Correlation energy             -112.1278241710 
   Embedding correction                       0.0000000000 
   Total DFT Energy (No VdW correction)    -928.9724390665 
# -----------------------------------------------------------
$ Mayer_Pop
   description: The Mayer population analysis
   geom. index: 1
   prop. index: 1
     Number of atoms                     : 49
     Threshold for printing              : 0.1000000
     Number of bond orders printed       : 56
  NA   - Mulliken gross atomic population
  ZA   - Total nuclear charge
  QA   - Mulliken gross atomic charge
  VA   - Mayer's total valence
  BVA  - Mayer's bonded valence
  FA   - Mayer's free valence
  ATOM       NA         ZA         QA         VA         BVA        FA
  0   0     6.5467     6.0000    -0.5467     3.8844     3.8774     0.0070
  1   0     6.0098     6.0000    -0.0098     3.8076     3.8062     0.0014
  2   0     6.3895     6.0000    -0.3895     3.7742     3.7737     0.0005
  3   0     5.6519     6.0000     0.3481     3.9211     3.8862     0.0349
  4   0     5.5492     6.0000     0.4508     3.8339     3.8196     0.0143
  5   0     6.4636     6.0000    -0.4636     4.2355     4.2000     0.0355
  6   0     5.4492     6.0000     0.5508     3.9153     3.9084     0.0069
  7   0     5.7536     6.0000     0.2464     3.9236     3.8852     0.0384
  8   0     6.3848     6.0000    -0.3848     4.3242     4.3161     0.0081
  9   0     0.8715     1.0000     0.1285     0.9667     0.9665     0.0002
 10   0     0.8681     1.0000     0.1319     0.9665     0.9665     0.0000
 11   0     6.2946     6.0000    -0.2946     4.0426     3.6576     0.3850
 12   0     0.8673     1.0000     0.1327     0.9803     0.9787     0.0016
 13   0     6.2676     6.0000    -0.2676     3.9666     3.9652     0.0014
 14   0     0.8503     1.0000     0.1497     0.9646     0.9636     0.0010
 15   0     0.8503     1.0000     0.1497     0.9646     0.9636     0.0010
 16   0     6.2818     6.0000    -0.2818     3.9006     3.9006     0.0000
 17   0     0.8469     1.0000     0.1531     0.9641     0.9641     0.0000
 18   0     0.8469     1.0000     0.1531     0.9641     0.9641     0.0000
 19   0     6.5064     6.0000    -0.5064     3.9062     3.9062     0.0000
 20   0     0.8432     1.0000     0.1568     0.9660     0.9660     0.0000
 21   0     0.8432     1.0000     0.1568     0.9660     0.9660     0.0000
 22   0     6.3529     6.0000    -0.3529     4.0272     4.0270     0.0002
 23   0     0.8502     1.0000     0.1498     0.9635     0.9634     0.0001
 24   0     0.8503     1.0000     0.1497     0.9635     0.9634     0.0001
 25   0     6.2661     6.0000    -0.2661     4.0292     4.0292     0.0000
 26   0     0.8608     1.0000     0.1392     0.9670     0.9670     0.0000
 27   0     0.8608     1.0000     0.1392     0.9670     0.9670     0.0000
 28   0     6.2537     6.0000    -0.2537     3.8920     3.8920     0.0000
 29   0     0.8590     1.0000     0.1410     0.9678     0.9678     0.0000
 30   0     0.8590     1.0000     0.1410     0.9678     0.9678     0.0000
 31   0     6.5077     6.0000    -0.5077     3.9025     3.9025     0.0000
 32   0     0.8422     1.0000     0.1578     0.9658     0.9658     0.0000
 33   0     0.8422     1.0000     0.1578     0.9658     0.9658     0.0000
 34   0     6.3005     6.0000    -0.3005     3.9615     3.9603     0.0012
 35   0     0.8170     1.0000     0.1830     0.9779     0.9779     0.0000
 36   0     0.8554     1.0000     0.1446     0.9675     0.9675     0.0000
 37   0     0.8580     1.0000     0.1420     0.9673     0.9673     0.0000
 38   0     5.4054     6.0000     0.5946     3.9371     3.9370     0.0001
 39   0     6.2814     6.0000    -0.2814     4.2005     4.2004     0.0001
 40   0     6.0968     6.0000    -0.0968     4.0982     4.0982     0.0000
 41   0     6.1203     6.0000    -0.1203     4.0789     4.0788     0.0001
 42   0     6.1007     6.0000    -0.1007     4.1026     4.1026     0.0000
 43   0     6.2734     6.0000    -0.2734     4.1869     4.1868     0.0001
 44   0     0.8947     1.0000     0.1053     0.9584     0.9584     0.0000
 45   0     0.8955     1.0000     0.1045     0.9617     0.9617     0.0000
 46   0     0.8819     1.0000     0.1181     0.9607     0.9607     0.0000
 47   0     0.8821     1.0000     0.1179     0.9607     0.9607     0.0000
 48   0     0.8955     1.0000     0.1045     0.9619     0.9619     0.0000
      Bond orders larger than 0.1000000
           Atom A     A.N. of A          Atom B    A.N. of B              Bond order
                0             6               1            6                2.688695
                0             6              35            1                0.987501
                1             6               3            6                0.925334
                2             6               6            6                0.784563
                2             6              34            6                2.519900
                3             6               4            6                1.247535
                3             6               8            6                1.427434
                4             6               5            6                1.229588
                4             6               6            6                0.117597
                4             6              11            6                1.268725
                5             6               6            6                1.498620
                5             6               9            1                0.970605
                6             6               7            6                1.329360
                6             6               8            6                0.124791
                6             6              34            6                0.101732
                7             6               8            6                1.416990
                7             6              22            6                0.967062
                8             6              10            1                0.971939
               11             6              12            1                0.990621
               11             6              13            6                1.005424
               13             6              14            1                0.954305
               13             6              15            1                0.954249
               13             6              16            6                0.981254
               16             6              17            1                0.971995
               16             6              18            1                0.971965
               16             6              19            6                0.961203
               19             6              20            1                0.972902
               19             6              21            1                0.972911
               19             6              36            1                0.967224
               22             6              23            1                0.954748
               22             6              24            1                0.954863
               22             6              25            6                1.024644
               25             6              26            1                0.960757
               25             6              27            1                0.960794
               25             6              28            6                0.988344
               28             6              29            1                0.971364
               28             6              30            1                0.971361
               28             6              31            6                0.954499
               31             6              32            1                0.973110
               31             6              33            1                0.973102
               31             6              37            1                0.967158
               34             6              38            6                1.007460
               38             6              39            6                1.390601
               38             6              40            6                0.100085
               38             6              43            6                1.385223
               39             6              40            6                1.476482
               39             6              41            6                0.100835
               39             6              46            1                0.982750
               40             6              41            6                1.452546
               40             6              48            1                0.976413
               41             6              42            6                1.455077
               41             6              43            6                0.101901
               41             6              44            1                0.966104
               42             6              43            6                1.476644
               42             6              45            1                0.977382
               43             6              47            1                0.980490
# -----------------------------------------------------------
$ PAL_Flags
   description: The PAL Flags
   geom. index: 2
   prop. index: 1
        Diskflag:     2
# -----------------------------------------------------------
$ SCF_Energy
   description: The SCF energy
   geom. index: 2
   prop. index: 1
        SCF Energy:     -928.9735413954
# -----------------------------------------------------------
$ DFT_Energy
   description: The DFT energy
   geom. index: 2
   prop. index: 1
   Number of Alpha Electrons                 85.0001533860 
   Number of Beta  Electrons                 84.0001433571 
   Total number of  Electrons               169.0002967431 
   Exchange energy                         -105.5608707297 
   Correlation energy                        -6.5766108502 
   Correlation energy NL                      0.0000000000 
   Exchange-Correlation energy             -112.1374815798 
   Embedding correction                       0.0000000000 
   Total DFT Energy (No VdW correction)    -928.9735413954 
# -----------------------------------------------------------
$ PAL_Flags
   description: The PAL Flags
   geom. index: 3
   prop. index: 1
        Diskflag:     2
# -----------------------------------------------------------
$ SCF_Energy
   description: The SCF energy
   geom. index: 3
   prop. index: 1
        SCF Energy:     -928.9735933631
# -----------------------------------------------------------
$ DFT_Energy
   description: The DFT energy
   geom. index: 3
   prop. index: 1
   Number of Alpha Electrons                 85.0001537328 
   Number of Beta  Electrons                 84.0001438865 
   Total number of  Electrons               169.0002976193 
   Exchange energy                         -105.5570468263 
   Correlation energy                        -6.5762096396 
   Correlation energy NL                      0.0000000000 
   Exchange-Correlation energy             -112.1332564658 
   Embedding correction                       0.0000000000 
   Total DFT Energy (No VdW correction)    -928.9735933631 
# -----------------------------------------------------------
$ PAL_Flags
   description: The PAL Flags
   geom. index: 4
   prop. index: 1
        Diskflag:     2
# -----------------------------------------------------------
$ SCF_Energy
   description: The SCF energy
   geom. index: 4
   prop. index: 1
        SCF Energy:     -928.9736085654
# -----------------------------------------------------------
$ DFT_Energy
   description: The DFT energy
   geom. index: 4
   prop. index: 1
   Number of Alpha Electrons                 85.0001543293 
   Number of Beta  Electrons                 84.0001445841 
   Total number of  Electrons               169.0002989134 
   Exchange energy                         -105.5550023801 
   Correlation energy                        -6.5760367503 
   Correlation energy NL                      0.0000000000 
   Exchange-Correlation energy             -112.1310391304 
   Embedding correction                       0.0000000000 
   Total DFT Energy (No VdW correction)    -928.9736085654 
# -----------------------------------------------------------
$ PAL_Flags
   description: The PAL Flags
   geom. index: 5
   prop. index: 1
        Diskflag:     2
# -----------------------------------------------------------
$ SCF_Energy
   description: The SCF energy
   geom. index: 5
   prop. index: 1
        SCF Energy:     -928.9736115783
# -----------------------------------------------------------
$ DFT_Energy
   description: The DFT energy
   geom. index: 5
   prop. index: 1
   Number of Alpha Electrons                 85.0001546073 
   Number of Beta  Electrons                 84.0001448739 
   Total number of  Electrons               169.0002994812 
   Exchange energy                         -105.5551109935 
   Correlation energy                        -6.5760548844 
   Correlation energy NL                      0.0000000000 
   Exchange-Correlation energy             -112.1311658779 
   Embedding correction                       0.0000000000 
   Total DFT Energy (No VdW correction)    -928.9736115783 
# -----------------------------------------------------------
$ PAL_Flags
   description: The PAL Flags
   geom. index: 6
   prop. index: 1
        Diskflag:     2
# -----------------------------------------------------------
$ SCF_Energy
   description: The SCF energy
   geom. index: 6
   prop. index: 1
        SCF Energy:     -928.9736127156
# -----------------------------------------------------------
$ DFT_Energy
   description: The DFT energy
   geom. index: 6
   prop. index: 1
   Number of Alpha Electrons                 85.0001547249 
   Number of Beta  Electrons                 84.0001449818 
   Total number of  Electrons               169.0002997066 
   Exchange energy                         -105.5554681919 
   Correlation energy                        -6.5760896689 
   Correlation energy NL                      0.0000000000 
   Exchange-Correlation energy             -112.1315578609 
   Embedding correction                       0.0000000000 
   Total DFT Energy (No VdW correction)    -928.9736127156 
# -----------------------------------------------------------
$ PAL_Flags
   description: The PAL Flags
   geom. index: 7
   prop. index: 1
        Diskflag:     2
# -----------------------------------------------------------
$ SCF_Energy
   description: The SCF energy
   geom. index: 7
   prop. index: 1
        SCF Energy:     -928.9736136805
# -----------------------------------------------------------
$ DFT_Energy
   description: The DFT energy
   geom. index: 7
   prop. index: 1
   Number of Alpha Electrons                 85.0001547914 
   Number of Beta  Electrons                 84.0001450391 
   Total number of  Electrons               169.0002998305 
   Exchange energy                         -105.5557328355 
   Correlation energy                        -6.5761149295 
   Correlation energy NL                      0.0000000000 
   Exchange-Correlation energy             -112.1318477650 
   Embedding correction                       0.0000000000 
   Total DFT Energy (No VdW correction)    -928.9736136805 
# -----------------------------------------------------------
$ Mayer_Pop
   description: The Mayer population analysis
   geom. index: 7
   prop. index: 1
     Number of atoms                     : 49
     Threshold for printing              : 0.1000000
     Number of bond orders printed       : 52
  NA   - Mulliken gross atomic population
  ZA   - Total nuclear charge
  QA   - Mulliken gross atomic charge
  VA   - Mayer's total valence
  BVA  - Mayer's bonded valence
  FA   - Mayer's free valence
  ATOM       NA         ZA         QA         VA         BVA        FA
  0   0     6.5424     6.0000    -0.5424     3.8858     3.8787     0.0071
  1   0     6.0140     6.0000    -0.0140     3.8068     3.8053     0.0015
  2   0     6.3880     6.0000    -0.3880     3.7672     3.7667     0.0005
  3   0     5.6561     6.0000     0.3439     3.9091     3.8740     0.0351
  4   0     5.5548     6.0000     0.4452     3.8291     3.8145     0.0146
  5   0     6.4578     6.0000    -0.4578     4.2268     4.1908     0.0360
  6   0     5.4527     6.0000     0.5473     3.9009     3.8939     0.0070
  7   0     5.7604     6.0000     0.2396     3.9206     3.8819     0.0387
  8   0     6.3802     6.0000    -0.3802     4.3133     4.3050     0.0083
  9   0     0.8697     1.0000     0.1303     0.9660     0.9658     0.0002
 10   0     0.8662     1.0000     0.1338     0.9658     0.9658     0.0000
 11   0     6.2976     6.0000    -0.2976     4.0389     3.6496     0.3893
 12   0     0.8657     1.0000     0.1343     0.9800     0.9784     0.0016
 13   0     6.2717     6.0000    -0.2717     3.9620     3.9606     0.0014
 14   0     0.8476     1.0000     0.1524     0.9639     0.9630     0.0009
 15   0     0.8478     1.0000     0.1522     0.9640     0.9631     0.0009
 16   0     6.2895     6.0000    -0.2895     3.8996     3.8996     0.0000
 17   0     0.8441     1.0000     0.1559     0.9634     0.9634     0.0000
 18   0     0.8441     1.0000     0.1559     0.9634     0.9634     0.0000
 19   0     6.5094     6.0000    -0.5094     3.9053     3.9053     0.0000
 20   0     0.8411     1.0000     0.1589     0.9654     0.9654     0.0000
 21   0     0.8411     1.0000     0.1589     0.9654     0.9654     0.0000
 22   0     6.3564     6.0000    -0.3564     4.0235     4.0233     0.0002
 23   0     0.8476     1.0000     0.1524     0.9628     0.9627     0.0001
 24   0     0.8476     1.0000     0.1524     0.9628     0.9627     0.0001
 25   0     6.2713     6.0000    -0.2713     4.0240     4.0240     0.0000
 26   0     0.8580     1.0000     0.1420     0.9663     0.9663     0.0000
 27   0     0.8580     1.0000     0.1420     0.9663     0.9663     0.0000
 28   0     6.2626     6.0000    -0.2626     3.8911     3.8911     0.0000
 29   0     0.8559     1.0000     0.1441     0.9671     0.9671     0.0000
 30   0     0.8559     1.0000     0.1441     0.9671     0.9671     0.0000
 31   0     6.5104     6.0000    -0.5104     3.9019     3.9019     0.0000
 32   0     0.8401     1.0000     0.1599     0.9652     0.9652     0.0000
 33   0     0.8401     1.0000     0.1599     0.9652     0.9652     0.0000
 34   0     6.2992     6.0000    -0.2992     3.9551     3.9538     0.0013
 35   0     0.8157     1.0000     0.1843     0.9777     0.9777     0.0000
 36   0     0.8537     1.0000     0.1463     0.9671     0.9671     0.0000
 37   0     0.8563     1.0000     0.1437     0.9669     0.9669     0.0000
 38   0     5.4126     6.0000     0.5874     3.9275     3.9274     0.0001
 39   0     6.2807     6.0000    -0.2807     4.1965     4.1964     0.0001
 40   0     6.0980     6.0000    -0.0980     4.0956     4.0956     0.0000
 41   0     6.1221     6.0000    -0.1221     4.0770     4.0769     0.0001
 42   0     6.1021     6.0000    -0.1021     4.0997     4.0997     0.0000
 43   0     6.2721     6.0000    -0.2721     4.1815     4.1814     0.0001
 44   0     0.8929     1.0000     0.1071     0.9580     0.9580     0.0000
 45   0     0.8940     1.0000     0.1060     0.9613     0.9613     0.0000
 46   0     0.8802     1.0000     0.1198     0.9603     0.9603     0.0000
 47   0     0.8806     1.0000     0.1194     0.9603     0.9603     0.0000
 48   0     0.8939     1.0000     0.1061     0.9615     0.9615     0.0000
      Bond orders larger than 0.1000000
           Atom A     A.N. of A          Atom B    A.N. of B              Bond order
                0             6               1            6                2.693467
                0             6              35            1                0.986196
                1             6               3            6                0.924258
                2             6               6            6                0.786305
                2             6              34            6                2.520705
                3             6               4            6                1.244892
                3             6               8            6                1.426700
                4             6               5            6                1.233181
                4             6               6            6                0.112522
                4             6              11            6                1.267190
                5             6               6            6                1.494896
                5             6               9            1                0.969448
                6             6               7            6                1.326671
                6             6               8            6                0.121677
                7             6               8            6                1.417580
                7             6              22            6                0.965741
                8             6              10            1                0.970620
               11             6              12            1                0.989878
               11             6              13            6                1.003074
               13             6              14            1                0.955416
               13             6              15            1                0.955319
               13             6              16            6                0.980653
               16             6              17            1                0.972283
               16             6              18            1                0.972200
               16             6              19            6                0.961373
               19             6              20            1                0.972928
               19             6              21            1                0.972947
               19             6              36            1                0.967405
               22             6              23            1                0.955186
               22             6              24            1                0.955320
               22             6              25            6                1.023266
               25             6              26            1                0.961551
               25             6              27            1                0.961589
               25             6              28            6                0.986316
               28             6              29            1                0.971995
               28             6              30            1                0.971991
               28             6              31            6                0.954738
               31             6              32            1                0.973133
               31             6              33            1                0.973135
               31             6              37            1                0.967362
               34             6              38            6                1.005609
               38             6              39            6                1.390002
               38             6              43            6                1.384718
               39             6              40            6                1.477011
               39             6              46            1                0.981960
               40             6              41            6                1.452604
               40             6              48            1                0.975828
               41             6              42            6                1.455469
               41             6              44            1                0.965697
               42             6              43            6                1.476634
               42             6              45            1                0.976801
               43             6              47            1                0.979689
# -----------------------------------------------------------
$ SCF_Electric_Properties
   description: The SCF Calculated Electric Properties
   geom. index: 7
   prop. index: 1
       Filename                          : opt_EPRII.scfp 
       Do Dipole Moment Calculation      : true 
       Do Quadrupole Moment Calculation  : false 
       Do Polarizability Calculation     : false 
** Dipole moment part of electric properties **
        Magnitude of dipole moment (Debye) :        1.1146191763
        Electronic Contribution:
                  0    
      0       9.610819
      1      -2.455686
      2      -0.011827
        Nuclear Contribution:
                  0    
      0      -9.176887
      1       2.392456
      2       0.012851
        Total Dipole moment:
                  0    
      0       0.433932
      1      -0.063230
      2       0.001024
# -------------------------------------------------------------
----------------------- !GEOMETRIES! ------------------------
# -------------------------------------------------------------
------------------------ !GEOMETRY! -------------------------
    Number of atoms:    49 
    Geometry Index:     1 
    Coordinates:
               0 C     -4.052268186967    0.115614094285   -0.001692323597
               1 C     -2.836565043869    0.052159789806   -0.003420878091
               2 C      2.842829384872   -0.004216149339   -0.002351867607
               3 C     -1.410014192135    0.002656020807   -0.003149383161
               4 C     -0.708138882257   -1.258089666015   -0.002726174252
               5 C      0.713185359624   -1.192512353326   -0.002391926948
               6 C      1.414143413557    0.016922466777   -0.002569973443
               7 C      0.706182488717    1.260759091893   -0.003011884327
               8 C     -0.689437999669    1.209566985223   -0.003370284502
               9 H      1.288191302209   -2.118709294678   -0.002057946213
              10 H     -1.263059063346    2.136268932659   -0.003793330626
              11 C     -1.396801047750   -2.492010955251   -0.002645070457
              12 H     -2.489357992866   -2.454707666783   -0.003063740303
              13 C     -0.741126430220   -3.840379605548   -0.002172397313
              14 H     -0.069922054404   -3.936289809318   -0.880793102654
              15 H     -0.068806834991   -3.935155913623    0.875698275131
              16 C     -1.739120154141   -5.005603079121   -0.000787412193
              17 H     -2.397379231040   -4.914276931043    0.882427967083
              18 H     -2.398569295537   -4.915385493902   -0.883230571016
              19 C     -1.061646447138   -6.377130811638   -0.000385437136
              20 H     -0.420495575888   -6.507556956581    0.888638678884
              21 H     -0.421639886777   -6.508640824245   -0.890074073341
              22 C      1.479773979424    2.562725885186   -0.003140710855
              23 H      2.157488938474    2.561724854437    0.871211130346
              24 H      2.158029322861    2.561237050083   -0.877069711004
              25 C      0.660781710873    3.856198084679   -0.003728908145
              26 H     -0.002282221134    3.880554134489   -0.888104269264
              27 H     -0.002671132458    3.881099628594    0.880340780134
              28 C      1.541048430631    5.111788284092   -0.003929836278
              29 H      2.207161101875    5.089299974485    0.878621885010
              30 H      2.207253545176    5.088941071194   -0.886402297497
              31 C      0.734673909625    6.412803397732   -0.004240358276
              32 H      0.084529878925    6.481508316243    0.885049203041
              33 H      0.084509661410    6.481072318574   -0.893548902576
              34 C      4.064589099278   -0.029084040675   -0.003390092353
              35 H     -5.122849716783    0.176841007486    0.002016833459
              36 H     -1.802776393428   -7.192512358845    0.000593990686
              37 H      1.393261781501    7.296516598604   -0.004467573849
              38 C      5.492573841279   -0.059283132650   -0.003026070184
              39 C      6.185759252972   -1.289430759295   -0.002818654089
              40 C      7.580089062329   -1.313816946833   -0.002389696758
              41 C      8.308273382529   -0.118676752890   -0.002188146202
              42 C      7.631219271861    1.106277416430   -0.002419450247
              43 C      6.237203234830    1.140549332014   -0.002850081673
              44 H      9.400532552613   -0.141833247080   -0.001852930454
              45 H      8.194107315604    2.042827260671   -0.002269206315
              46 H      5.615401235650   -2.220202572324   -0.002988176357
              47 H      5.707014615929    2.094785372292   -0.003040417217
              48 H      8.103468118174   -2.273007007731   -0.002217327006
------------------------ !GEOMETRY! -------------------------
    Number of atoms:    49 
    Geometry Index:     2 
    Coordinates:
               0 C     -4.060830475790    0.109991961147   -0.002231689557
               1 C     -2.840900178919    0.050927681858   -0.003698131794
               2 C      2.847562657236   -0.003844213852   -0.002419588411
               3 C     -1.411995657050    0.003177326616   -0.003206757746
               4 C     -0.709055123639   -1.259608563892   -0.002782243949
               5 C      0.715152509942   -1.194924234881   -0.002475366080
               6 C      1.416653537757    0.017373009790   -0.002635217670
               7 C      0.707566115168    1.263805539927   -0.003049601608
               8 C     -0.690952447952    1.212946369070   -0.003406731546
               9 H      1.286790617170   -2.116555765396   -0.002149671870
              10 H     -1.261380762251    2.134958683665   -0.003832648699
              11 C     -1.401160717194   -2.495334305541   -0.002625386250
              12 H     -2.487618189446   -2.457297050467   -0.002950296136
              13 C     -0.746803440124   -3.848561944437   -0.002161187310
              14 H     -0.081449072974   -3.946155903599   -0.876340931305
              15 H     -0.080098624985   -3.944932378369    0.871105573779
              16 C     -1.749937231929   -5.014325919463   -0.000565165347
              17 H     -2.403242692841   -4.923003942531    0.877502421506
              18 H     -2.404676203983   -4.924204713448   -0.877691141467
              19 C     -1.072912824525   -6.391320827641   -0.000178201340
              20 H     -0.436373126293   -6.521336749571    0.883152541215
              21 H     -0.437765697979   -6.522515326681   -0.884336849647
              22 C      1.482081963482    2.568825631876   -0.003152680496
              23 H      2.154787535899    2.569221784934    0.866928906595
              24 H      2.155266429201    2.568811015529   -0.872861751474
              25 C      0.658306133670    3.863493657878   -0.003655954810
              26 H     -0.000403925019    3.887164705171   -0.883029996765
              27 H     -0.000762648069    3.887603125110    0.875438435067
              28 C      1.538059537871    5.124091464675   -0.003794249875
              29 H      2.199471415920    5.103527384031    0.873688350643
              30 H      2.199569126270    5.103259167330   -0.881196320614
              31 C      0.726497153358    6.427437549415   -0.004039842773
              32 H      0.080712756603    6.493386411316    0.879526016438
              33 H      0.080701151207    6.493047888917   -0.887622553353
              34 C      4.072129866108   -0.028067776031   -0.003449140667
              35 H     -5.124824585171    0.166493781316    0.001053766978
              36 H     -1.810871626385   -7.200442371405    0.000946295430
              37 H      1.379015190577    7.307219884450   -0.004214513581
              38 C      5.503297741784   -0.058870130693   -0.003091664072
              39 C      6.196964293894   -1.293097178122   -0.002907926877
              40 C      7.595388725408   -1.319003246127   -0.002475086854
              41 C      8.327236204934   -0.120614203658   -0.002249096634
              42 C      7.648515553470    1.108777311114   -0.002460730623
              43 C      6.250321670794    1.143881411812   -0.002894567215
              44 H      9.413897308975   -0.144495742733   -0.001915807129
              45 H      8.209248053968    2.040070816463   -0.002291784911
              46 H      5.628566902970   -2.218718783550   -0.003090434580
              47 H      5.723351905457    2.093647603592   -0.003064727883
              48 H      8.115250603428   -2.273724854912   -0.002318518731
------------------------ !GEOMETRY! -------------------------
    Number of atoms:    49 
    Geometry Index:     3 
    Coordinates:
               0 C     -4.061028819098    0.107169587735   -0.002586014310
               1 C     -2.840379606588    0.051573563984   -0.003938473120
               2 C      2.849193544351   -0.004062547996   -0.002520746025
               3 C     -1.411002966684    0.004442503965   -0.003411205603
               4 C     -0.708366748751   -1.258898715183   -0.002926400106
               5 C      0.716452197768   -1.195846187654   -0.002609467389
               6 C      1.417790047756    0.017272752975   -0.002756781080
               7 C      0.709238525278    1.264389515211   -0.003147822880
               8 C     -0.689976022109    1.214925336192   -0.003546338223
               9 H      1.287194364465   -2.117705266647   -0.002271018091
              10 H     -1.259497499248    2.137128056256   -0.003955121126
              11 C     -1.402082386216   -2.494449014075   -0.002696229209
              12 H     -2.488132967379   -2.456503985054   -0.002986496657
              13 C     -0.746870495927   -3.848939502975   -0.002188585200
              14 H     -0.084022489246   -3.947323600283   -0.876923452455
              15 H     -0.082445882484   -3.945938587619    0.871485402180
              16 C     -1.753346596142   -5.013737594897   -0.000348888093
              17 H     -2.404900498316   -4.922682664514    0.878020785702
              18 H     -2.406573660049   -4.924046299984   -0.877618619728
              19 C     -1.075019266165   -6.392303613451    0.000072677571
              20 H     -0.439238700428   -6.520955382242    0.883349199920
              21 H     -0.440874160013   -6.522297459062   -0.884182832496
              22 C      1.484825354515    2.569861864062   -0.003184605591
              23 H      2.155523900495    2.571081448489    0.867397596728
              24 H      2.155987492273    2.570771688742   -0.873408356548
              25 C      0.657016028820    3.863624245539   -0.003604902358
              26 H     -0.000210372929    3.886825486464   -0.883108715404
              27 H     -0.000594524124    3.887131031254    0.875604644823
              28 C      1.537183194920    5.125763411798   -0.003633686491
              29 H      2.196930216655    5.106559445764    0.874095785696
              30 H      2.197090628398    5.106403741029   -0.881238578295
              31 C      0.721493400321    6.428834696106   -0.003823091471
              32 H      0.076434020045    6.491976876159    0.879690656257
              33 H      0.076491861931    6.491758692109   -0.887394711372
              34 C      4.074268613714   -0.027504580735   -0.003517473843
              35 H     -5.125414566148    0.160363707291    0.000418776954
              36 H     -1.813408607334   -7.200321404109    0.001371115570
              37 H      1.372662964743    7.308931986725   -0.003911534857
              38 C      5.506104058003   -0.058741588404   -0.003144636086
              39 C      6.198761683895   -1.294278204136   -0.002993275566
              40 C      7.598092105750   -1.321020863283   -0.002551774820
              41 C      8.331286177507   -0.122100048756   -0.002284240082
              42 C      7.652592473468    1.108609988473   -0.002464365555
              43 C      6.253462055233    1.144505718803   -0.002907740487
              44 H      9.417534654415   -0.146573510716   -0.001944655776
              45 H      8.213798995568    2.039171577227   -0.002263844816
              46 H      5.629918999373   -2.219213545845   -0.003208277652
              47 H      5.727096634835    2.094210850995   -0.003054788008
              48 H      8.117310050880   -2.275658565727   -0.002420744530
------------------------ !GEOMETRY! -------------------------
    Number of atoms:    49 
    Geometry Index:     4 
    Coordinates:
               0 C     -4.060935557966    0.103365788278   -0.002838531644
               1 C     -2.840077748489    0.051683981248   -0.004040560140
               2 C      2.849119843883   -0.004239795761   -0.002570793718
               3 C     -1.410557869696    0.005061555744   -0.003470161518
               4 C     -0.708276374979   -1.258476905583   -0.002990546672
               5 C      0.716679452708   -1.196631193374   -0.002683054317
               6 C      1.417534427178    0.016952505575   -0.002809526340
               7 C      0.709639724358    1.264251281630   -0.003197906708
               8 C     -0.689827654298    1.215846446249   -0.003603495404
               9 H      1.286882955119   -2.118833014367   -0.002360381556
              10 H     -1.258830885354    2.138333050144   -0.004013259994
              11 C     -1.402876876811   -2.493764439317   -0.002739051477
              12 H     -2.488921908804   -2.456378722999   -0.002993946425
              13 C     -0.746469801788   -3.848654847072   -0.002265744566
              14 H     -0.085602411664   -3.947369648981   -0.878175844639
              15 H     -0.083683277616   -3.945867651296    0.872340918172
              16 C     -1.754880336237   -5.012785520807   -0.000145881537
              17 H     -2.405077941929   -4.922285542883    0.879142931104
              18 H     -2.407116186240   -4.923764823296   -0.878079057799
              19 C     -1.075076476707   -6.391912818987    0.000222185814
              20 H     -0.439569288929   -6.518925332085    0.883901786849
              21 H     -0.441571450835   -6.520380281746   -0.884684521438
              22 C      1.486536743431    2.569727821338   -0.003223440621
              23 H      2.155811630945    2.571213257434    0.868239542127
              24 H      2.156204705376    2.570962783162   -0.874384181239
              25 C      0.657100042949    3.863420387339   -0.003566750794
              26 H      0.001034362700    3.887007957553   -0.883748400893
              27 H      0.000660453652    3.887213484887    0.876331503678
              28 C      1.538704156616    5.125526861685   -0.003528033029
              29 H      2.197201814888    5.106788658062    0.874994863380
              30 H      2.197399011943    5.106704649853   -0.881900709543
              31 C      0.721250845343    6.428819230607   -0.003679541504
              32 H      0.076675143711    6.490083774557    0.880299379438
              33 H      0.076783894131    6.489950075777   -0.887747041618
              34 C      4.074269659504   -0.026364272603   -0.003542085869
              35 H     -5.125611498461    0.152903534155   -0.000208268885
              36 H     -1.813924269863   -7.199605006250    0.001723152017
              37 H      1.372681423851    7.308782326397   -0.003706480491
              38 C      5.506323283598   -0.057747962503   -0.003173613517
              39 C      6.198083005433   -1.293818551527   -0.003031500699
              40 C      7.597600385548   -1.320942806344   -0.002585402681
              41 C      8.331315996045   -0.122029463993   -0.002302325441
              42 C      7.652876645789    1.109098190029   -0.002471272463
              43 C      6.253543690598    1.145548477840   -0.002919668276
              44 H      9.417597129366   -0.146845175776   -0.001957893856
              45 H      8.214662796679    2.039386079033   -0.002256323415
              46 H      5.628878914032   -2.218562118570   -0.003255508795
              47 H      5.727462384048    2.095447058328   -0.003055660308
              48 H      8.116720703245   -2.275708280784   -0.002461742749
------------------------ !GEOMETRY! -------------------------
    Number of atoms:    49 
    Geometry Index:     5 
    Coordinates:
               0 C     -4.060942905671    0.101005723422   -0.002920840053
               1 C     -2.840084233897    0.051840964153   -0.004079909460
               2 C      2.848654337961   -0.004334645473   -0.002653675326
               3 C     -1.410581692594    0.005321847911   -0.003572069788
               4 C     -0.708515415700   -1.258263283563   -0.003089825733
               5 C      0.716388925609   -1.196793645313   -0.002796759431
               6 C      1.417045623697    0.016841214356   -0.002919718173
               7 C      0.709462258263    1.264100966983   -0.003283790797
               8 C     -0.689982176225    1.216053930644   -0.003684756994
               9 H      1.286401449796   -2.119145693126   -0.002480091967
              10 H     -1.258827863937    2.138705857332   -0.004069267932
              11 C     -1.403280177550   -2.493435925964   -0.002820829085
              12 H     -2.489369353118   -2.456490616288   -0.003068992819
              13 C     -0.746327344859   -3.848238434617   -0.002358851808
              14 H     -0.086245486480   -3.946934535091   -0.878910041558
              15 H     -0.084015208168   -3.945301827755    0.872667964898
              16 C     -1.754869427856   -5.012374873713    0.000030086046
              17 H     -2.404504448007   -4.922214758744    0.879844916219
              18 H     -2.406874230963   -4.923822378170   -0.878198231912
              19 C     -1.074414799554   -6.391440988018    0.000367411095
              20 H     -0.438869161516   -6.517580833076    0.884222658517
              21 H     -0.441201839577   -6.519159714001   -0.884935018035
              22 C      1.486868256722    2.569426480077   -0.003289303146
              23 H      2.155679417314    2.570847665110    0.868574333727
              24 H      2.156003761150    2.570665476784   -0.874904376681
              25 C      0.657570577447    3.863350644864   -0.003550951374
              26 H      0.001935836119    3.887352998392   -0.884113897469
              27 H      0.001581564297    3.887460206415    0.876745952607
              28 C      1.539845477620    5.125089115520   -0.003451981352
              29 H      2.197896409692    5.106307919346    0.875481355383
              30 H      2.198110757503    5.106298058070   -0.882224115004
              31 C      0.722369043910    6.428620086743   -0.003555790906
              32 H      0.077984188976    6.489302698376    0.880683057149
              33 H      0.078125148994    6.489254569936   -0.887900655962
              34 C      4.073734491914   -0.025474383810   -0.003579406254
              35 H     -5.125754276361    0.148277223712   -0.000535238916
              36 H     -1.813345316915   -7.199172428712    0.002061947878
              37 H      1.374285984926    7.308317965247   -0.003528143337
              38 C      5.505774986856   -0.057023156886   -0.003189957191
              39 C      6.197073312169   -1.293203029511   -0.003074489374
              40 C      7.596467915393   -1.320546610428   -0.002606599152
              41 C      8.330318922351   -0.121896552217   -0.002274714320
              42 C      7.652245176792    1.109239508947   -0.002418367922
              43 C      6.253032027119    1.146059841792   -0.002888435490
              44 H      9.416672556732   -0.146937037706   -0.001912690376
              45 H      8.214436729306    2.039381673012   -0.002166191085
              46 H      5.627651481362   -2.217879129380   -0.003335703311
              47 H      5.727165580085    2.096145367315   -0.003004585199
              48 H      8.115570568873   -2.275418482897   -0.002503268829
------------------------ !GEOMETRY! -------------------------
    Number of atoms:    49 
    Geometry Index:     6 
    Coordinates:
               0 C     -4.061072975046    0.099272248341   -0.003048919246
               1 C     -2.840192092393    0.052119192482   -0.004100284015
               2 C      2.848371821881   -0.004434249263   -0.002673964019
               3 C     -1.410712824645    0.005557360385   -0.003584739364
               4 C     -0.708790296770   -1.258082672802   -0.003134998894
               5 C      0.716079042480   -1.196702590585   -0.002845282348
               6 C      1.416762337623    0.016859765636   -0.002939461141
               7 C      0.709328058603    1.264102259197   -0.003304726318
               8 C     -0.690076415752    1.216164491421   -0.003700613341
               9 H      1.285994075111   -2.119127404717   -0.002552448138
              10 H     -1.258830983517    2.138911796739   -0.004083232965
              11 C     -1.403540478546   -2.493213717102   -0.002893079520
              12 H     -2.489651852423   -2.456533443281   -0.003145410601
              13 C     -0.746399583628   -3.847894519635   -0.002477154533
              14 H     -0.086659524978   -3.946506309116   -0.879349518495
              15 H     -0.084065366756   -3.944764459856    0.872605290576
              16 C     -1.754621467020   -5.012229375570    0.000196429793
              17 H     -2.403971375108   -4.922246036726    0.880293458801
              18 H     -2.406727857501   -4.923958312775   -0.878039402323
              19 C     -1.073904626508   -6.391161385959    0.000463081101
              20 H     -0.438191527158   -6.516896729901    0.884293809421
              21 H     -0.440907594582   -6.518573653245   -0.885076305079
              22 C      1.486856806272    2.569309260806   -0.003313585594
              23 H      2.155578182002    2.570658371478    0.868664558933
              24 H      2.155837673079    2.570510047487   -0.875093718482
              25 C      0.657923938712    3.863405768585   -0.003521853208
              26 H      0.002408141568    3.887620713131   -0.884227332455
              27 H      0.002071486699    3.887667090564    0.876932210726
              28 C      1.540346074449    5.124952224740   -0.003388375882
              29 H      2.198276965991    5.106105925467    0.875689817430
              30 H      2.198506125014    5.106135481110   -0.882295281223
              31 C      0.723094167531    6.428610140679   -0.003469261635
              32 H      0.078770362750    6.489149003476    0.880861650285
              33 H      0.078944193085    6.489153073884   -0.887926490104
              34 C      4.073412875519   -0.024726324384   -0.003575002308
              35 H     -5.125957767214    0.144833973258   -0.000971261059
              36 H     -1.812787410225   -7.198968963527    0.002361921131
              37 H      1.375283851783    7.308134768938   -0.003403524757
              38 C      5.505419170029   -0.056540524131   -0.003192651526
              39 C      6.196393846711   -1.292827511358   -0.003064726940
              40 C      7.595689371759   -1.320461144617   -0.002598024132
              41 C      8.329727160549   -0.122071120708   -0.002278178741
              42 C      7.652031735853    1.109120323092   -0.002433097335
              43 C      6.252915756617    1.146295974076   -0.002902357964
              44 H      9.416111108917   -0.147364402247   -0.001915351761
              45 H      8.214553948150    2.039103466740   -0.002189191737
              46 H      5.626749146433   -2.217395439002   -0.003314781519
              47 H      5.727296124353    2.096548876918   -0.003025708014
              48 H      8.114675880249   -2.275436268124   -0.002484781479
------------------------ !GEOMETRY! -------------------------
    Number of atoms:    49 
    Geometry Index:     7 
    Coordinates:
               0 C     -4.061289903410    0.097243461956   -0.003201912439
               1 C     -2.840339654719    0.052513264164   -0.004174831196
               2 C      2.848212022584   -0.004612831611   -0.002807829324
               3 C     -1.410878275748    0.005855294579   -0.003739443035
               4 C     -0.709101653832   -1.257882128249   -0.003309031151
               5 C      0.715759164491   -1.196525763837   -0.003041545500
               6 C      1.416609231779    0.016907364439   -0.003116571088
               7 C      0.709301615349    1.264187138833   -0.003433320949
               8 C     -0.690083008471    1.216305029621   -0.003817448912
               9 H      1.285574907016   -2.119015905424   -0.002767801550
              10 H     -1.258720876581    2.139143687216   -0.004152675660
              11 C     -1.403806703004   -2.492986299963   -0.003061531650
              12 H     -2.489924639438   -2.456482070524   -0.003312210554
              13 C     -0.746616337032   -3.847575824943   -0.002680818508
              14 H     -0.087180066736   -3.946177815498   -0.879821777931
              15 H     -0.083959230366   -3.944190855113    0.872218437406
              16 C     -1.754450614730   -5.012136083736    0.000519341116
              17 H     -2.403489830491   -4.922182056136    0.880878560309
              18 H     -2.406905912768   -4.924132385135   -0.877515595314
              19 C     -1.073601448489   -6.390946639865    0.000713186219
              20 H     -0.437553515102   -6.516404857381    0.884355857924
              21 H     -0.440921499237   -6.518308902317   -0.885073660512
              22 C      1.486839904467    2.569296540771   -0.003405208153
              23 H      2.155628445646    2.570542561459    0.868552446579
              24 H      2.155789608783    2.570501690846   -0.875241207334
              25 C      0.658239740812    3.863515062678   -0.003490764133
              26 H      0.002712802435    3.887887961736   -0.884221168723
              27 H      0.002412115492    3.887791500585    0.877018676073
              28 C      1.540622812440    5.124977457879   -0.003273517362
              29 H      2.198558681995    5.106045000352    0.875831458894
              30 H      2.198795605799    5.106187997800   -0.882203951949
              31 C      0.723583610904    6.428706705988   -0.003273560722
              32 H      0.079269845981    6.489195752911    0.881080429405
              33 H      0.079478532275    6.489331747800   -0.887770181577
              34 C      4.073247794867   -0.023785762472   -0.003632158484
              35 H     -5.126248100009    0.140881285995   -0.001501189757
              36 H     -1.812408651942   -7.198818445170    0.002987444117
              37 H      1.375927810995    7.308115435342   -0.003129454773
              38 C      5.505221169057   -0.055992583658   -0.003216293994
              39 C      6.195828685153   -1.292467143987   -0.003138302929
              40 C      7.595062904232   -1.320534715537   -0.002633405254
              41 C      8.329430041714   -0.122420819181   -0.002224135237
              42 C      7.652183467501    1.108935536714   -0.002328996289
              43 C      6.253124601729    1.146553946850   -0.002836267724
              44 H      9.415818690509   -0.148061604052   -0.001830180489
              45 H      8.215069398003    2.038708981295   -0.002015527616
              46 H      5.625878179052   -2.216855591269   -0.003455655343
              47 H      5.727830710766    2.096999279391   -0.002919583007
              48 H      8.113815230279   -2.275647562140   -0.002558971921
