-------------------------------------------------------------
----------------------- !PROPERTIES! ------------------------
-------------------------------------------------------------
# -----------------------------------------------------------
$ PAL_Flags
   description: The PAL Flags
   geom. index: 1
   prop. index: 1
        Diskflag:     2
# -----------------------------------------------------------
$ SCF_Energy
   description: The SCF energy
   geom. index: 1
   prop. index: 1
        SCF Energy:     -928.9018843403
# -----------------------------------------------------------
$ DFT_Energy
   description: The DFT energy
   geom. index: 1
   prop. index: 1
   Number of Alpha Electrons                 85.0001686983 
   Number of Beta  Electrons                 84.0001612391 
   Total number of  Electrons               169.0003299374 
   Exchange energy                         -105.6592813840 
   Correlation energy                        -6.5754581134 
   Correlation energy NL                      0.0000000000 
   Exchange-Correlation energy             -112.2347394974 
   Embedding correction                       0.0000000000 
   Total DFT Energy (No VdW correction)    -928.9018843403 
# -----------------------------------------------------------
$ Mayer_Pop
   description: The Mayer population analysis
   geom. index: 1
   prop. index: 1
     Number of atoms                     : 49
     Threshold for printing              : 0.1000000
     Number of bond orders printed       : 51
  NA   - Mulliken gross atomic population
  ZA   - Total nuclear charge
  QA   - Mulliken gross atomic charge
  VA   - Mayer's total valence
  BVA  - Mayer's bonded valence
  FA   - Mayer's free valence
  ATOM       NA         ZA         QA         VA         BVA        FA
  0   0     6.6059     6.0000    -0.6059     3.3843     3.3773     0.0070
  1   0     5.3654     6.0000     0.6346     2.8608     2.8592     0.0016
  2   0     5.7345     6.0000     0.2655     2.5269     2.5263     0.0006
  3   0     6.0500     6.0000    -0.0500     3.7443     3.7089     0.0354
  4   0     5.9188     6.0000     0.0812     4.1186     4.1038     0.0148
  5   0     6.0297     6.0000    -0.0297     3.8707     3.8359     0.0348
  6   0     6.1420     6.0000    -0.1420     3.8262     3.8192     0.0070
  7   0     6.0873     6.0000    -0.0873     4.1430     4.1046     0.0384
  8   0     5.9730     6.0000     0.0270     3.8906     3.8825     0.0081
  9   0     1.0536     1.0000    -0.0536     1.0032     1.0031     0.0001
 10   0     1.0515     1.0000    -0.0515     1.0028     1.0028     0.0000
 11   0     6.0983     6.0000    -0.0983     3.9291     3.5530     0.3761
 12   0     1.0221     1.0000    -0.0221     1.0093     1.0081     0.0012
 13   0     5.9666     6.0000     0.0334     4.0104     4.0089     0.0015
 14   0     0.9712     1.0000     0.0288     0.9627     0.9616     0.0011
 15   0     0.9712     1.0000     0.0288     0.9627     0.9616     0.0011
 16   0     6.0379     6.0000    -0.0379     4.1310     4.1310     0.0000
 17   0     0.9871     1.0000     0.0129     0.9642     0.9642     0.0000
 18   0     0.9871     1.0000     0.0129     0.9642     0.9642     0.0000
 19   0     5.9939     6.0000     0.0061     4.0163     4.0163     0.0000
 20   0     0.9829     1.0000     0.0171     0.9774     0.9774     0.0000
 21   0     0.9829     1.0000     0.0171     0.9774     0.9774     0.0000
 22   0     5.9605     6.0000     0.0395     4.0302     4.0300     0.0002
 23   0     0.9681     1.0000     0.0319     0.9688     0.9687     0.0001
 24   0     0.9681     1.0000     0.0319     0.9688     0.9687     0.0001
 25   0     6.0342     6.0000    -0.0342     4.1141     4.1141     0.0000
 26   0     0.9830     1.0000     0.0170     0.9630     0.9630     0.0000
 27   0     0.9830     1.0000     0.0170     0.9630     0.9630     0.0000
 28   0     6.0245     6.0000    -0.0245     4.1176     4.1176     0.0000
 29   0     0.9948     1.0000     0.0052     0.9674     0.9674     0.0000
 30   0     0.9948     1.0000     0.0052     0.9674     0.9674     0.0000
 31   0     5.9960     6.0000     0.0040     4.0169     4.0169     0.0000
 32   0     0.9827     1.0000     0.0173     0.9773     0.9773     0.0000
 33   0     0.9827     1.0000     0.0173     0.9773     0.9773     0.0000
 34   0     5.8667     6.0000     0.1333     2.6492     2.6480     0.0012
 35   0     1.0311     1.0000    -0.0311     1.0306     1.0306     0.0000
 36   0     0.9866     1.0000     0.0134     0.9733     0.9733     0.0000
 37   0     0.9877     1.0000     0.0123     0.9734     0.9734     0.0000
 38   0     6.2550     6.0000    -0.2550     3.9280     3.9279     0.0001
 39   0     5.9688     6.0000     0.0312     3.9943     3.9942     0.0001
 40   0     5.9592     6.0000     0.0408     3.9987     3.9987     0.0000
 41   0     5.9664     6.0000     0.0336     3.9988     3.9987     0.0001
 42   0     5.9595     6.0000     0.0405     3.9986     3.9986     0.0000
 43   0     5.9714     6.0000     0.0286     3.9936     3.9935     0.0001
 44   0     1.0274     1.0000    -0.0274     0.9688     0.9688     0.0000
 45   0     1.0275     1.0000    -0.0275     0.9685     0.9685     0.0000
 46   0     1.0405     1.0000    -0.0405     0.9836     0.9836     0.0000
 47   0     1.0396     1.0000    -0.0396     0.9832     0.9832     0.0000
 48   0     1.0274     1.0000    -0.0274     0.9684     0.9684     0.0000
      Bond orders larger than 0.1000000
           Atom A     A.N. of A          Atom B    A.N. of B              Bond order
                0             6               1            6                2.093557
                0             6              35            1                1.120294
                1             6               3            6                0.905297
                2             6               6            6                0.877261
                2             6              34            6                1.756377
                2             6              38            6               -0.175539
                3             6               4            6                1.277040
                3             6               8            6                1.392148
                4             6               5            6                1.288878
                4             6              11            6                1.367359
                5             6               6            6                1.446664
                5             6               9            1                0.919681
                6             6               7            6                1.349105
                7             6               8            6                1.415838
                7             6              22            6                1.095345
                8             6              10            1                0.919977
               11             6              12            1                0.901572
               11             6              13            6                1.083799
               13             6              14            1                0.911712
               13             6              15            1                0.911704
               13             6              16            6                1.071587
               16             6              17            1                0.943709
               16             6              18            1                0.943690
               16             6              19            6                1.106557
               19             6              20            1                0.965313
               19             6              21            1                0.965315
               19             6              36            1                0.960874
               22             6              23            1                0.896090
               22             6              24            1                0.896128
               22             6              25            6                1.104003
               25             6              26            1                0.929298
               25             6              27            1                0.929303
               25             6              28            6                1.074929
               28             6              29            1                0.940925
               28             6              30            1                0.940927
               28             6              31            6                1.106247
               31             6              32            1                0.966205
               31             6              33            1                0.966203
               31             6              37            1                0.961619
               34             6              38            6                0.929259
               38             6              39            6                1.442455
               38             6              43            6                1.439503
               39             6              40            6                1.469753
               39             6              46            1                0.940133
               40             6              41            6                1.444561
               40             6              48            1                0.938026
               41             6              42            6                1.443779
               41             6              44            1                0.943326
               42             6              43            6                1.470189
               42             6              45            1                0.938034
               43             6              47            1                0.940556
# -----------------------------------------------------------
$ PAL_Flags
   description: The PAL Flags
   geom. index: 2
   prop. index: 1
        Diskflag:     2
# -----------------------------------------------------------
$ SCF_Energy
   description: The SCF energy
   geom. index: 2
   prop. index: 1
        SCF Energy:     -928.9018846931
# -----------------------------------------------------------
$ DFT_Energy
   description: The DFT energy
   geom. index: 2
   prop. index: 1
   Number of Alpha Electrons                 85.0001685520 
   Number of Beta  Electrons                 84.0001609804 
   Total number of  Electrons               169.0003295324 
   Exchange energy                         -105.6592388362 
   Correlation energy                        -6.5754512067 
   Correlation energy NL                      0.0000000000 
   Exchange-Correlation energy             -112.2346900429 
   Embedding correction                       0.0000000000 
   Total DFT Energy (No VdW correction)    -928.9018846931 
# -----------------------------------------------------------
$ Mayer_Pop
   description: The Mayer population analysis
   geom. index: 2
   prop. index: 1
     Number of atoms                     : 49
     Threshold for printing              : 0.1000000
     Number of bond orders printed       : 51
  NA   - Mulliken gross atomic population
  ZA   - Total nuclear charge
  QA   - Mulliken gross atomic charge
  VA   - Mayer's total valence
  BVA  - Mayer's bonded valence
  FA   - Mayer's free valence
  ATOM       NA         ZA         QA         VA         BVA        FA
  0   0     6.6058     6.0000    -0.6058     3.3843     3.3773     0.0070
  1   0     5.3654     6.0000     0.6346     2.8608     2.8592     0.0016
  2   0     5.7345     6.0000     0.2655     2.5268     2.5262     0.0006
  3   0     6.0500     6.0000    -0.0500     3.7444     3.7090     0.0354
  4   0     5.9188     6.0000     0.0812     4.1185     4.1037     0.0148
  5   0     6.0298     6.0000    -0.0298     3.8708     3.8360     0.0348
  6   0     6.1421     6.0000    -0.1421     3.8264     3.8194     0.0070
  7   0     6.0872     6.0000    -0.0872     4.1428     4.1044     0.0384
  8   0     5.9730     6.0000     0.0270     3.8906     3.8825     0.0081
  9   0     1.0536     1.0000    -0.0536     1.0033     1.0032     0.0001
 10   0     1.0515     1.0000    -0.0515     1.0028     1.0028     0.0000
 11   0     6.0983     6.0000    -0.0983     3.9291     3.5530     0.3761
 12   0     1.0221     1.0000    -0.0221     1.0093     1.0081     0.0012
 13   0     5.9666     6.0000     0.0334     4.0103     4.0088     0.0015
 14   0     0.9712     1.0000     0.0288     0.9627     0.9616     0.0011
 15   0     0.9712     1.0000     0.0288     0.9627     0.9616     0.0011
 16   0     6.0379     6.0000    -0.0379     4.1310     4.1310     0.0000
 17   0     0.9871     1.0000     0.0129     0.9642     0.9642     0.0000
 18   0     0.9871     1.0000     0.0129     0.9642     0.9642     0.0000
 19   0     5.9939     6.0000     0.0061     4.0163     4.0163     0.0000
 20   0     0.9829     1.0000     0.0171     0.9774     0.9774     0.0000
 21   0     0.9828     1.0000     0.0172     0.9774     0.9774     0.0000
 22   0     5.9605     6.0000     0.0395     4.0302     4.0300     0.0002
 23   0     0.9681     1.0000     0.0319     0.9689     0.9688     0.0001
 24   0     0.9681     1.0000     0.0319     0.9689     0.9688     0.0001
 25   0     6.0342     6.0000    -0.0342     4.1141     4.1141     0.0000
 26   0     0.9830     1.0000     0.0170     0.9630     0.9630     0.0000
 27   0     0.9830     1.0000     0.0170     0.9630     0.9630     0.0000
 28   0     6.0246     6.0000    -0.0246     4.1176     4.1176     0.0000
 29   0     0.9948     1.0000     0.0052     0.9674     0.9674     0.0000
 30   0     0.9948     1.0000     0.0052     0.9674     0.9674     0.0000
 31   0     5.9960     6.0000     0.0040     4.0169     4.0169     0.0000
 32   0     0.9827     1.0000     0.0173     0.9773     0.9773     0.0000
 33   0     0.9827     1.0000     0.0173     0.9773     0.9773     0.0000
 34   0     5.8668     6.0000     0.1332     2.6492     2.6480     0.0012
 35   0     1.0311     1.0000    -0.0311     1.0306     1.0306     0.0000
 36   0     0.9866     1.0000     0.0134     0.9733     0.9733     0.0000
 37   0     0.9877     1.0000     0.0123     0.9734     0.9734     0.0000
 38   0     6.2550     6.0000    -0.2550     3.9280     3.9279     0.0001
 39   0     5.9688     6.0000     0.0312     3.9944     3.9943     0.0001
 40   0     5.9591     6.0000     0.0409     3.9987     3.9987     0.0000
 41   0     5.9664     6.0000     0.0336     3.9989     3.9988     0.0001
 42   0     5.9595     6.0000     0.0405     3.9986     3.9986     0.0000
 43   0     5.9713     6.0000     0.0287     3.9935     3.9934     0.0001
 44   0     1.0274     1.0000    -0.0274     0.9688     0.9688     0.0000
 45   0     1.0274     1.0000    -0.0274     0.9685     0.9685     0.0000
 46   0     1.0406     1.0000    -0.0406     0.9836     0.9836     0.0000
 47   0     1.0396     1.0000    -0.0396     0.9832     0.9832     0.0000
 48   0     1.0274     1.0000    -0.0274     0.9684     0.9684     0.0000
      Bond orders larger than 0.1000000
           Atom A     A.N. of A          Atom B    A.N. of B              Bond order
                0             6               1            6                2.093560
                0             6              35            1                1.120295
                1             6               3            6                0.905344
                2             6               6            6                0.877226
                2             6              34            6                1.756412
                2             6              38            6               -0.175555
                3             6               4            6                1.277028
                3             6               8            6                1.392187
                4             6               5            6                1.288768
                4             6              11            6                1.367406
                5             6               6            6                1.446841
                5             6               9            1                0.919694
                6             6               7            6                1.349021
                7             6               8            6                1.415746
                7             6              22            6                1.095349
                8             6              10            1                0.919963
               11             6              12            1                0.901565
               11             6              13            6                1.083785
               13             6              14            1                0.911721
               13             6              15            1                0.911712
               13             6              16            6                1.071573
               16             6              17            1                0.943719
               16             6              18            1                0.943699
               16             6              19            6                1.106536
               19             6              20            1                0.965319
               19             6              21            1                0.965321
               19             6              36            1                0.960879
               22             6              23            1                0.896085
               22             6              24            1                0.896120
               22             6              25            6                1.104005
               25             6              26            1                0.929313
               25             6              27            1                0.929317
               25             6              28            6                1.074888
               28             6              29            1                0.940944
               28             6              30            1                0.940945
               28             6              31            6                1.106218
               31             6              32            1                0.966209
               31             6              33            1                0.966207
               31             6              37            1                0.961623
               34             6              38            6                0.929271
               38             6              39            6                1.442531
               38             6              43            6                1.439413
               39             6              40            6                1.469815
               39             6              46            1                0.940143
               40             6              41            6                1.444508
               40             6              48            1                0.938024
               41             6              42            6                1.443846
               41             6              44            1                0.943323
               42             6              43            6                1.470118
               42             6              45            1                0.938038
               43             6              47            1                0.940555
# -----------------------------------------------------------
$ SCF_Electric_Properties
   description: The SCF Calculated Electric Properties
   geom. index: 2
   prop. index: 1
       Filename                          : opt_cc-pVDZ.scfp 
       Do Dipole Moment Calculation      : true 
       Do Quadrupole Moment Calculation  : false 
       Do Polarizability Calculation     : false 
** Dipole moment part of electric properties **
        Magnitude of dipole moment (Debye) :        0.9506815414
        Electronic Contribution:
                  0    
      0       9.447720
      1      -2.450533
      2      -0.005865
        Nuclear Contribution:
                  0    
      0      -9.075990
      1       2.409235
      2       0.007180
        Total Dipole moment:
                  0    
      0       0.371730
      1      -0.041298
      2       0.001315
# -------------------------------------------------------------
----------------------- !GEOMETRIES! ------------------------
# -------------------------------------------------------------
------------------------ !GEOMETRY! -------------------------
    Number of atoms:    49 
    Geometry Index:     1 
    Coordinates:
               0 C     -4.052268186967    0.115614094285   -0.001692323597
               1 C     -2.836565043869    0.052159789806   -0.003420878091
               2 C      2.842829384872   -0.004216149339   -0.002351867607
               3 C     -1.410014192135    0.002656020807   -0.003149383161
               4 C     -0.708138882257   -1.258089666015   -0.002726174252
               5 C      0.713185359624   -1.192512353326   -0.002391926948
               6 C      1.414143413557    0.016922466777   -0.002569973443
               7 C      0.706182488717    1.260759091893   -0.003011884327
               8 C     -0.689437999669    1.209566985223   -0.003370284502
               9 H      1.288191302209   -2.118709294678   -0.002057946213
              10 H     -1.263059063346    2.136268932659   -0.003793330626
              11 C     -1.396801047750   -2.492010955251   -0.002645070457
              12 H     -2.489357992866   -2.454707666783   -0.003063740303
              13 C     -0.741126430220   -3.840379605548   -0.002172397313
              14 H     -0.069922054404   -3.936289809318   -0.880793102654
              15 H     -0.068806834991   -3.935155913623    0.875698275131
              16 C     -1.739120154141   -5.005603079121   -0.000787412193
              17 H     -2.397379231040   -4.914276931043    0.882427967083
              18 H     -2.398569295537   -4.915385493902   -0.883230571016
              19 C     -1.061646447138   -6.377130811638   -0.000385437136
              20 H     -0.420495575888   -6.507556956581    0.888638678884
              21 H     -0.421639886777   -6.508640824245   -0.890074073341
              22 C      1.479773979424    2.562725885186   -0.003140710855
              23 H      2.157488938474    2.561724854437    0.871211130346
              24 H      2.158029322861    2.561237050083   -0.877069711004
              25 C      0.660781710873    3.856198084679   -0.003728908145
              26 H     -0.002282221134    3.880554134489   -0.888104269264
              27 H     -0.002671132458    3.881099628594    0.880340780134
              28 C      1.541048430631    5.111788284092   -0.003929836278
              29 H      2.207161101875    5.089299974485    0.878621885010
              30 H      2.207253545176    5.088941071194   -0.886402297497
              31 C      0.734673909625    6.412803397732   -0.004240358276
              32 H      0.084529878925    6.481508316243    0.885049203041
              33 H      0.084509661410    6.481072318574   -0.893548902576
              34 C      4.064589099278   -0.029084040675   -0.003390092353
              35 H     -5.122849716783    0.176841007486    0.002016833459
              36 H     -1.802776393428   -7.192512358845    0.000593990686
              37 H      1.393261781501    7.296516598604   -0.004467573849
              38 C      5.492573841279   -0.059283132650   -0.003026070184
              39 C      6.185759252972   -1.289430759295   -0.002818654089
              40 C      7.580089062329   -1.313816946833   -0.002389696758
              41 C      8.308273382529   -0.118676752890   -0.002188146202
              42 C      7.631219271861    1.106277416430   -0.002419450247
              43 C      6.237203234830    1.140549332014   -0.002850081673
              44 H      9.400532552613   -0.141833247080   -0.001852930454
              45 H      8.194107315604    2.042827260671   -0.002269206315
              46 H      5.615401235650   -2.220202572324   -0.002988176357
              47 H      5.707014615929    2.094785372292   -0.003040417217
              48 H      8.103468118174   -2.273007007731   -0.002217327006
------------------------ !GEOMETRY! -------------------------
    Number of atoms:    49 
    Geometry Index:     2 
    Coordinates:
               0 C     -4.052443613959    0.114576298107   -0.001917157219
               1 C     -2.836695457485    0.052025006655   -0.003549011430
               2 C      2.842695210140   -0.002425607084   -0.002408291990
               3 C     -1.410143727538    0.003191470816   -0.003255186752
               4 C     -0.707833341444   -1.257320607011   -0.002801438710
               5 C      0.713475115568   -1.191078174608   -0.002467082891
               6 C      1.414021436153    0.018615332792   -0.002638418178
               7 C      0.705646397707    1.262168452534   -0.003059900055
               8 C     -0.689967355031    1.210355486062   -0.003436194600
               9 H      1.289118657951   -2.116881871005   -0.002129141154
              10 H     -1.264136736538    2.136724603920   -0.003841940286
              11 C     -1.395767428140   -2.491604393256   -0.002681686376
              12 H     -2.488355660961   -2.454946451866   -0.003083721590
              13 C     -0.739360042987   -3.839669229347   -0.002175773243
              14 H     -0.068220018819   -3.935242012982   -0.880855253931
              15 H     -0.067023381068   -3.934025121551    0.875699278627
              16 C     -1.736884578137   -5.005361297389   -0.000686203823
              17 H     -2.395172374778   -4.914377772916    0.882524613502
              18 H     -2.396440538310   -4.915578829606   -0.883075479014
              19 C     -1.058620099148   -6.376564887453   -0.000243552410
              20 H     -0.417436776794   -6.506579844988    0.888808021555
              21 H     -0.418674079315   -6.507763840543   -0.890012408727
              22 C      1.478554773484    2.564463224730   -0.003144096594
              23 H      2.156289645941    2.563709280124    0.871191325703
              24 H      2.156815132575    2.563290949578   -0.877068822649
              25 C      0.659045591545    3.857634941892   -0.003675835925
              26 H     -0.004000155276    3.881922788969   -0.888042370521
              27 H     -0.004408356338    3.882379029010    0.880372927728
              28 C      1.539231338434    5.113402750492   -0.003803115074
              29 H      2.205314564621    5.090862233328    0.878748893387
              30 H      2.205482003555    5.090558427664   -0.886220673824
              31 C      0.732673931363    6.414392112155   -0.004106091574
              32 H      0.082535162180    6.482883881187    0.885190397477
              33 H      0.082599916902    6.482510452801   -0.893478790217
              34 C      4.064439897358   -0.027927854129   -0.003416864470
              35 H     -5.123092220531    0.174771805002    0.001530118501
              36 H     -1.799228488048   -7.192430729083    0.000819274665
              37 H      1.391168144696    7.298169430109   -0.004269949079
              38 C      5.492398626875   -0.059967227488   -0.003045583414
              39 C      6.183757694680   -1.291155253393   -0.002800953285
              40 C      7.578042597883   -1.317672144575   -0.002381402721
              41 C      8.307981837352   -0.123596553358   -0.002235183958
              42 C      7.632782639163    1.102377986652   -0.002517570365
              43 C      6.238787275002    1.138744873545   -0.002938064186
              44 H      9.400210034341   -0.148386277350   -0.001911203659
              45 H      8.197162348849    2.038023583302   -0.002414375286
              46 H      5.612073264886   -2.221113428633   -0.002926672999
              47 H      5.710032918220    2.093777885065   -0.003168896480
              48 H      8.099915683218   -2.277677836877   -0.002172342485
