-------------------------------------------------------------
----------------------- !PROPERTIES! ------------------------
-------------------------------------------------------------
# -----------------------------------------------------------
$ PAL_Flags
   description: The PAL Flags
   geom. index: 1
   prop. index: 1
        Diskflag:     2
# -----------------------------------------------------------
$ SCF_Energy
   description: The SCF energy
   geom. index: 1
   prop. index: 1
        SCF Energy:    -1159.9170524143
# -----------------------------------------------------------
$ DFT_Energy
   description: The DFT energy
   geom. index: 1
   prop. index: 1
   Number of Alpha Electrons                105.0001739012 
   Number of Beta  Electrons                104.0001646923 
   Total number of  Electrons               209.0003385935 
   Exchange energy                         -131.3482192628 
   Correlation energy                        -8.1613009709 
   Correlation energy NL                      0.0000000000 
   Exchange-Correlation energy             -139.5095202337 
   Embedding correction                       0.0000000000 
   Total DFT Energy (No VdW correction)   -1159.9170524143 
# -----------------------------------------------------------
$ Mayer_Pop
   description: The Mayer population analysis
   geom. index: 1
   prop. index: 1
     Number of atoms                     : 59
     Threshold for printing              : 0.1000000
     Number of bond orders printed       : 65
  NA   - Mulliken gross atomic population
  ZA   - Total nuclear charge
  QA   - Mulliken gross atomic charge
  VA   - Mayer's total valence
  BVA  - Mayer's bonded valence
  FA   - Mayer's free valence
  ATOM       NA         ZA         QA         VA         BVA        FA
  0   0     6.3043     6.0000    -0.3043     3.8887     3.8828     0.0059
  1   0     6.4142     6.0000    -0.4142     3.7216     3.7196     0.0020
  2   0     6.4155     6.0000    -0.4155     3.7255     3.7250     0.0005
  3   0     5.5034     6.0000     0.4966     3.8218     3.7879     0.0339
  4   0     5.6232     6.0000     0.3768     3.9597     3.9450     0.0147
  5   0     6.4484     6.0000    -0.4484     4.2194     4.1839     0.0355
  6   0     5.4443     6.0000     0.5557     3.8678     3.8608     0.0070
  7   0     5.7632     6.0000     0.2368     3.9261     3.8891     0.0370
  8   0     6.3889     6.0000    -0.3889     4.3078     4.2997     0.0081
  9   0     0.8686     1.0000     0.1314     0.9658     0.9656     0.0002
 10   0     0.8669     1.0000     0.1331     0.9662     0.9662     0.0000
 11   0     6.2668     6.0000    -0.2668     3.9804     3.6028     0.3776
 12   0     0.8733     1.0000     0.1267     0.9832     0.9816     0.0016
 13   0     6.2729     6.0000    -0.2729     3.9634     3.9620     0.0014
 14   0     0.8472     1.0000     0.1528     0.9639     0.9630     0.0009
 15   0     0.8478     1.0000     0.1522     0.9640     0.9631     0.0009
 16   0     6.2903     6.0000    -0.2903     3.9003     3.9003     0.0000
 17   0     0.8447     1.0000     0.1553     0.9635     0.9635     0.0000
 18   0     0.8450     1.0000     0.1550     0.9636     0.9636     0.0000
 19   0     6.5109     6.0000    -0.5109     3.9057     3.9057     0.0000
 20   0     0.8404     1.0000     0.1596     0.9653     0.9653     0.0000
 21   0     0.8404     1.0000     0.1596     0.9653     0.9653     0.0000
 22   0     6.3576     6.0000    -0.3576     4.0226     4.0224     0.0002
 23   0     0.8475     1.0000     0.1525     0.9627     0.9626     0.0001
 24   0     0.8475     1.0000     0.1525     0.9627     0.9626     0.0001
 25   0     6.2731     6.0000    -0.2731     4.0251     4.0251     0.0000
 26   0     0.8577     1.0000     0.1423     0.9663     0.9663     0.0000
 27   0     0.8577     1.0000     0.1423     0.9662     0.9662     0.0000
 28   0     6.2635     6.0000    -0.2635     3.8887     3.8887     0.0000
 29   0     0.8555     1.0000     0.1445     0.9670     0.9670     0.0000
 30   0     0.8555     1.0000     0.1445     0.9670     0.9670     0.0000
 31   0     6.5118     6.0000    -0.5118     3.9012     3.9012     0.0000
 32   0     0.8399     1.0000     0.1601     0.9651     0.9651     0.0000
 33   0     0.8399     1.0000     0.1601     0.9651     0.9651     0.0000
 34   0     6.2913     6.0000    -0.2913     3.9167     3.9155     0.0012
 35   0     0.8538     1.0000     0.1462     0.9671     0.9671     0.0000
 36   0     0.8560     1.0000     0.1440     0.9669     0.9669     0.0000
 37   0     5.4163     6.0000     0.5837     3.9351     3.9350     0.0001
 38   0     6.2819     6.0000    -0.2819     4.1965     4.1964     0.0001
 39   0     6.0984     6.0000    -0.0984     4.0950     4.0950     0.0000
 40   0     6.1227     6.0000    -0.1227     4.0765     4.0764     0.0001
 41   0     6.1032     6.0000    -0.1032     4.0997     4.0997     0.0000
 42   0     6.2722     6.0000    -0.2722     4.1807     4.1806     0.0001
 43   0     0.8928     1.0000     0.1072     0.9581     0.9581     0.0000
 44   0     0.8935     1.0000     0.1065     0.9613     0.9613     0.0000
 45   0     0.8797     1.0000     0.1203     0.9603     0.9603     0.0000
 46   0     0.8801     1.0000     0.1199     0.9603     0.9603     0.0000
 47   0     0.8935     1.0000     0.1065     0.9615     0.9615     0.0000
 48   0     5.4082     6.0000     0.5918     3.9292     3.9289     0.0003
 49   0     6.2813     6.0000    -0.2813     4.1933     4.1928     0.0005
 50   0     6.1006     6.0000    -0.1006     4.0992     4.0991     0.0001
 51   0     6.1251     6.0000    -0.1251     4.0763     4.0757     0.0006
 52   0     6.1007     6.0000    -0.1007     4.0953     4.0952     0.0001
 53   0     6.2774     6.0000    -0.2774     4.1977     4.1972     0.0005
 54   0     0.8931     1.0000     0.1069     0.9582     0.9582     0.0000
 55   0     0.8938     1.0000     0.1062     0.9615     0.9615     0.0000
 56   0     0.8829     1.0000     0.1171     0.9609     0.9609     0.0000
 57   0     0.8801     1.0000     0.1199     0.9606     0.9606     0.0000
 58   0     0.8940     1.0000     0.1060     0.9614     0.9614     0.0000
      Bond orders larger than 0.1000000
           Atom A     A.N. of A          Atom B    A.N. of B              Bond order
                0             6               1            6                2.430633
                0             6              48            6                1.023863
                1             6               3            6                0.798637
                2             6               6            6                0.763913
                2             6              34            6                2.486679
                3             6               4            6                1.275553
                3             6               7            6                0.105429
                3             6               8            6                1.435850
                4             6               5            6                1.226172
                4             6               6            6                0.115246
                4             6              11            6                1.292507
                5             6               6            6                1.491402
                5             6               9            1                0.969584
                6             6               7            6                1.334325
                6             6               8            6                0.111287
                7             6               8            6                1.414123
                7             6              22            6                0.962483
                8             6              10            1                0.970981
               11             6              12            1                0.982752
               11             6              13            6                0.998109
               13             6              14            1                0.956154
               13             6              15            1                0.955904
               13             6              16            6                0.981816
               16             6              17            1                0.972504
               16             6              18            1                0.972170
               16             6              19            6                0.961563
               19             6              20            1                0.972828
               19             6              21            1                0.972891
               19             6              35            1                0.967478
               22             6              23            1                0.955367
               22             6              24            1                0.955599
               22             6              25            6                1.023528
               25             6              26            1                0.961534
               25             6              27            1                0.961625
               25             6              28            6                0.985839
               28             6              29            1                0.971850
               28             6              30            1                0.971855
               28             6              31            6                0.954341
               31             6              32            1                0.973156
               31             6              33            1                0.973154
               31             6              36            1                0.967338
               34             6              37            6                1.010849
               37             6              38            6                1.391138
               37             6              42            6                1.385189
               38             6              39            6                1.476739
               38             6              45            1                0.981865
               39             6              40            6                1.452465
               39             6              47            1                0.975816
               40             6              41            6                1.455426
               40             6              43            1                0.965565
               41             6              42            6                1.476370
               41             6              44            1                0.976705
               42             6              46            1                0.979748
               48             6              49            6                1.383277
               48             6              53            6                1.381110
               49             6              50            6                1.478182
               49             6              51            6                0.100727
               49             6              56            1                0.980959
               50             6              51            6                1.453170
               50             6              58            1                0.976608
               51             6              52            6                1.451385
               51             6              54            1                0.965495
               52             6              53            6                1.478083
               52             6              55            1                0.975982
               53             6              57            1                0.982034
# -----------------------------------------------------------
$ Calculation_Info
   description: Details of the calculation
   geom. index: 1
   prop. index: 1
     Multiplicity:                          2
     Charge:                                0
     number of atoms:                       59
     number of electrons:                   0
     number of frozen core electrons:       1
     number of correlated electrons:        0
     number of basis functions:             713
     number of aux C basis functions:       5002
     number of aux J basis functions:       5002
     number of aux JK basis functions:      5002
     number of aux CABS basis functions:    0
     Total Energy                           -1159.917052
# -----------------------------------------------------------
$ SCF_Electric_Properties
   description: The SCF Calculated Electric Properties
   geom. index: 1
   prop. index: 1
       Filename                          : EPRII_i.scfp 
       Do Dipole Moment Calculation      : true 
       Do Quadrupole Moment Calculation  : false 
       Do Polarizability Calculation     : false 
** Dipole moment part of electric properties **
        Magnitude of dipole moment (Debye) :        0.3481666414
        Electronic Contribution:
                  0    
      0      -0.419751
      1       2.196509
      2       0.047340
        Nuclear Contribution:
                  0    
      0       0.554070
      1      -2.169665
      2      -0.047967
        Total Dipole moment:
                  0    
      0       0.134319
      1       0.026844
      2      -0.000627
# -----------------------------------------------------------
$ EPRNMR_GTensor
   description: Electronic g tensor
   geom. index: 1
   prop. index: 1
 Source density: 1 SCF 
 Spin multiplicity: 2 
 raw g tensor: 
                  0          1          2    
      0       2.002787  -0.000112   0.000001
      1      -0.000061   2.002786  -0.000002
      2      -0.000000  -0.000002   2.002186
 g tensor: 
                  0          1          2    
      0      -0.000219   0.705365  -0.708845
      1       0.002811   0.708842   0.705361
      2       0.999996  -0.001838  -0.002138
 G eigenvalues: 
                  0          1          2    
      0       2.002186   2.002700   2.002873
# -----------------------------------------------------------
$ EPRNMR_OrbitalShielding
   description: Orbital contribution to the NMR Shielding tensor (ppm)
   geom. index: 1
   prop. index: 1
 Number of stored nuclei 29
 Source density: 1 SCF 
 Nucleus: 9 H 
 Shielding tensor (ppm): 
                  0          1          2    
      0      27.857700  -5.838476   0.018994
      1      -5.267953  26.108485  -0.023676
      2       0.033683  -0.026678  19.320216
 P Tensor eigenvectors:
                   0          1          2    
      0      -0.001277   0.653788  -0.756676
      1       0.002514   0.756677   0.653784
      2       0.999996  -0.001067  -0.002610
 P Eigenvalues: 
                  0          1          2    
      0      19.320115  21.361743  32.604544
P(iso)  24.428801
 Nucleus: 10 H 
 Shielding tensor (ppm): 
                  0          1          2    
      0      28.690655  -6.018856   0.012815
      1      -5.801925  25.900441  -0.014282
      2       0.016780  -0.014594  19.016763
 P Tensor eigenvectors:
                   0          1          2    
      0      -0.000477   0.622150  -0.782898
      1       0.001652   0.782897   0.622149
      2       0.999999  -0.000996  -0.001401
 P Eigenvalues: 
                  0          1          2    
      0      19.016732  21.222787  33.368341
P(iso)  24.535953
 Nucleus: 12 H 
 Shielding tensor (ppm): 
                  0          1          2    
      0      23.320527   2.554526  -0.015159
      1       1.629768  32.860661  -0.048789
      2      -0.002684  -0.051552  19.723781
 P Tensor eigenvectors:
                   0          1          2    
      0       0.000393  -0.980376  -0.197135
      1       0.003749   0.197135  -0.980369
      2       0.999993  -0.000354   0.003753
 P Eigenvalues: 
                  0          1          2    
      0      19.723590  22.882594  33.298785
P(iso)  25.301656
 Nucleus: 14 H 
 Shielding tensor (ppm): 
                  0          1          2    
      0      29.342888  -1.369548   3.292059
      1      -0.614233  30.761770   0.415082
      2       4.011696   1.393988  27.847855
 P Tensor eigenvectors:
                   0          1          2    
      0      -0.618756  -0.012803  -0.785479
      1      -0.199408   0.969679   0.141277
      2       0.759854   0.244047  -0.602547
 P Eigenvalues: 
                  0          1          2    
      0      24.583266  31.017906  32.351340
P(iso)  29.317504
 Nucleus: 15 H 
 Shielding tensor (ppm): 
                  0          1          2    
      0      29.456446  -1.444507  -3.266356
      1      -0.670305  30.776703  -0.438046
      2      -4.003778  -1.408662  27.705679
 P Tensor eigenvectors:
                   0          1          2    
      0       0.606207   0.026033  -0.794881
      1       0.205293   0.960470   0.188020
      2       0.768354  -0.277163   0.576899
 P Eigenvalues: 
                  0          1          2    
      0      24.537714  31.031079  32.370036
P(iso)  29.312943
 Nucleus: 17 H 
 Shielding tensor (ppm): 
                  0          1          2    
      0      31.181161   0.962795   4.538321
      1       0.498109  30.511718   0.571354
      2       4.371802  -0.723756  28.426321
 P Tensor eigenvectors:
                   0          1          2    
      0      -0.596916  -0.058553  -0.800164
      1       0.079808   0.988053  -0.131837
      2       0.798324  -0.142555  -0.585112
 P Eigenvalues: 
                  0          1          2    
      0      25.095907  30.482954  34.540338
P(iso)  30.039733
 Nucleus: 18 H 
 Shielding tensor (ppm): 
                  0          1          2    
      0      31.326198   0.917863  -4.536516
      1       0.463477  30.515281  -0.580356
      2      -4.352565   0.693881  28.271466
 P Tensor eigenvectors:
                   0          1          2    
      0       0.584400  -0.062799  -0.809032
      1      -0.070655   0.989277  -0.127828
      2       0.808384   0.131864   0.573696
 P Eigenvalues: 
                  0          1          2    
      0      25.063033  30.482065  34.567846
P(iso)  30.037648
 Nucleus: 20 H 
 Shielding tensor (ppm): 
                  0          1          2    
      0      30.391833   1.631247  -3.934415
      1       2.353020  31.359793  -2.652930
      2      -3.221792  -2.235317  31.067947
 P Tensor eigenvectors:
                   0          1          2    
      0       0.724988   0.400442  -0.560391
      1       0.056903  -0.845664  -0.530674
      2       0.686406  -0.352844   0.635883
 P Eigenvalues: 
                  0          1          2    
      0      27.125768  29.371548  36.322257
P(iso)  30.939858
 Nucleus: 21 H 
 Shielding tensor (ppm): 
                  0          1          2    
      0      30.276287   1.646301   3.886699
      1       2.348219  31.412783   2.698576
      2       3.163019   2.261587  31.126553
 P Tensor eigenvectors:
                   0          1          2    
      0       0.735825   0.396052   0.549276
      1       0.050020  -0.840705   0.539178
      2      -0.675322   0.369266   0.638422
 P Eigenvalues: 
                  0          1          2    
      0      27.143236  29.356617  36.315770
P(iso)  30.938541
 Nucleus: 23 H 
 Shielding tensor (ppm): 
                  0          1          2    
      0      29.426392   1.988868  -3.379913
      1       1.296968  31.450914  -0.218398
      2      -4.504183   0.897326  25.984904
 P Tensor eigenvectors:
                   0          1          2    
      0       0.550522  -0.482967  -0.680932
      1      -0.133296   0.754344  -0.642804
      2       0.824110   0.444643   0.350906
 P Eigenvalues: 
                  0          1          2    
      0      23.232405  30.621717  33.008088
P(iso)  28.954070
 Nucleus: 24 H 
 Shielding tensor (ppm): 
                  0          1          2    
      0      29.411487   1.993836   3.375517
      1       1.309715  31.441140   0.201634
      2       4.501605  -0.917374  26.011414
 P Tensor eigenvectors:
                   0          1          2    
      0      -0.552265  -0.480729  -0.681104
      1       0.136376   0.753895  -0.642684
      2       0.822439  -0.447818  -0.350790
 P Eigenvalues: 
                  0          1          2    
      0      23.242502  30.623352  32.998187
P(iso)  28.954680
 Nucleus: 26 H 
 Shielding tensor (ppm): 
                  0          1          2    
      0      30.802180  -0.908912  -3.852899
      1      -0.744664  31.634755  -0.190715
      2      -3.724433  -1.419092  28.025484
 P Tensor eigenvectors:
                   0          1          2    
      0       0.569126   0.009113  -0.822200
      1       0.163599   0.978691   0.124091
      2       0.805811  -0.205135   0.555508
 P Eigenvalues: 
                  0          1          2    
      0      25.180263  31.805414  33.476742
P(iso)  30.154140
 Nucleus: 27 H 
 Shielding tensor (ppm): 
                  0          1          2    
      0      30.787064  -0.896996   3.857240
      1      -0.731668  31.641429   0.177802
      2       3.728155   1.409185  28.039238
 P Tensor eigenvectors:
                   0          1          2    
      0      -0.570715   0.007635  -0.821112
      1      -0.161171   0.979465   0.121130
      2       0.805176   0.201470  -0.557765
 P Eigenvalues: 
                  0          1          2    
      0      25.186379  31.807819  33.473533
P(iso)  30.155910
 Nucleus: 29 H 
 Shielding tensor (ppm): 
                  0          1          2    
      0      31.205266   0.351046  -4.719322
      1       0.107225  31.210280   0.458695
      2      -4.280210   1.186345  28.428104
 P Tensor eigenvectors:
                   0          1          2    
      0       0.588947  -0.147774   0.794547
      1      -0.121336  -0.988165  -0.093846
      2       0.799012  -0.041136  -0.599907
 P Eigenvalues: 
                  0          1          2    
      0      25.005157  31.284545  34.553949
P(iso)  30.281217
 Nucleus: 30 H 
 Shielding tensor (ppm): 
                  0          1          2    
      0      31.184422   0.363811   4.722665
      1       0.118592  31.203994  -0.467342
      2       4.283287  -1.195499  28.454602
 P Tensor eigenvectors:
                   0          1          2    
      0      -0.590737  -0.148646   0.793054
      1       0.123657  -0.987951  -0.093066
      2       0.797332   0.043089   0.602000
 P Eigenvalues: 
                  0          1          2    
      0      25.008155  31.282404  34.552459
P(iso)  30.281006
 Nucleus: 32 H 
 Shielding tensor (ppm): 
                  0          1          2    
      0      30.586248   1.665279   4.068727
      1       2.514675  31.125006   2.341082
      2       3.378427   1.980263  31.018079
 P Tensor eigenvectors:
                   0          1          2    
      0       0.734677   0.326721   0.594561
      1      -0.017191  -0.867147   0.497755
      2      -0.678199   0.375910   0.631457
 P Eigenvalues: 
                  0          1          2    
      0      27.072020  29.374156  36.283156
P(iso)  30.909777
 Nucleus: 33 H 
 Shielding tensor (ppm): 
                  0          1          2    
      0      30.607270   1.658348  -4.076875
      1       2.511049  31.113889  -2.334199
      2      -3.388759  -1.975144  31.008690
 P Tensor eigenvectors:
                   0          1          2    
      0       0.732676   0.327875  -0.596393
      1      -0.015081  -0.868266  -0.495869
      2       0.680411  -0.372306   0.631213
 P Eigenvalues: 
                  0          1          2    
      0      27.069605  29.376177  36.284068
P(iso)  30.909950
 Nucleus: 35 H 
 Shielding tensor (ppm): 
                  0          1          2    
      0      29.944089  -2.568546   0.040974
      1      -3.925915  36.173051  -0.090180
      2       0.049891  -0.082931  25.892409
 P Tensor eigenvectors:
                   0          1          2    
      0      -0.005976  -0.915746   0.401713
      1       0.006524  -0.401748  -0.915727
      2       0.999961  -0.002852   0.008375
 P Eigenvalues: 
                  0          1          2    
      0      25.891573  28.560153  37.557824
P(iso)  30.669850
 Nucleus: 36 H 
 Shielding tensor (ppm): 
                  0          1          2    
      0      29.257908  -1.960082   0.006966
      1      -3.208521  36.916278  -0.020302
      2       0.008836  -0.018693  25.879121
 P Tensor eigenvectors:
                   0          1          2    
      0      -0.001203  -0.953464   0.301505
      1       0.001486  -0.301507  -0.953463
      2       0.999998  -0.000699   0.001779
 P Eigenvalues: 
                  0          1          2    
      0      25.879082  28.468255  37.705970
P(iso)  30.684436
 Nucleus: 43 H 
 Shielding tensor (ppm): 
                  0          1          2    
      0      23.954171  -0.022768   0.000111
      1      -0.020587  27.421531  -0.003572
      2      -0.000053  -0.003549  21.511595
 P Tensor eigenvectors:
                   0          1          2    
      0      -0.000008  -0.999981   0.006230
      1       0.000603  -0.006230  -0.999980
      2       1.000000  -0.000005   0.000603
 P Eigenvalues: 
                  0          1          2    
      0      21.511593  23.954035  27.421669
P(iso)  24.295766
 Nucleus: 44 H 
 Shielding tensor (ppm): 
                  0          1          2    
      0      27.236644   1.764951  -0.001190
      1       1.723844  24.452249  -0.002552
      2      -0.000830  -0.002633  21.222408
 P Tensor eigenvectors:
                   0          1          2    
      0      -0.000074  -0.434071  -0.900879
      1       0.000843   0.900878  -0.434071
      2       1.000000  -0.000791   0.000300
 P Eigenvalues: 
                  0          1          2    
      0      21.222406  23.612603  28.076292
P(iso)  24.303767
 Nucleus: 45 H 
 Shielding tensor (ppm): 
                  0          1          2    
      0      27.506517   3.610381  -0.000736
      1       2.657498  24.398870  -0.003198
      2       0.000907  -0.002665  20.262780
 P Tensor eigenvectors:
                   0          1          2    
      0      -0.000468  -0.534937  -0.844892
      1       0.001069   0.844891  -0.534937
      2       0.999999  -0.001154   0.000177
 P Eigenvalues: 
                  0          1          2    
      0      20.262777  22.455295  29.450095
P(iso)  24.056056
 Nucleus: 46 H 
 Shielding tensor (ppm): 
                  0          1          2    
      0      28.407820  -2.914057   0.000989
      1      -2.067501  23.754548  -0.004201
      2      -0.000050  -0.002490  19.953322
 P Tensor eigenvectors:
                   0          1          2    
      0       0.000253   0.405790  -0.913966
      1       0.001063   0.913966   0.405790
      2       0.999999  -0.001074  -0.000200
 P Eigenvalues: 
                  0          1          2    
      0      19.953318  22.673232  29.489139
P(iso)  24.038563
 Nucleus: 47 H 
 Shielding tensor (ppm): 
                  0          1          2    
      0      27.217056  -1.475825   0.001060
      1      -1.462207  24.374800  -0.002002
      2       0.001734  -0.001830  21.283978
 P Tensor eigenvectors:
                   0          1          2    
      0      -0.000086   0.390445  -0.920626
      1       0.000578   0.920626   0.390445
      2       1.000000  -0.000498  -0.000305
 P Eigenvalues: 
                  0          1          2    
      0      21.283977  23.752007  27.839850
P(iso)  24.291945
 Nucleus: 54 H 
 Shielding tensor (ppm): 
                  0          1          2    
      0      23.991782  -0.215179  -0.000177
      1      -0.213668  27.441152  -0.005087
      2      -0.000486  -0.005120  21.556443
 P Tensor eigenvectors:
                   0          1          2    
      0       0.000210  -0.998089   0.061791
      1       0.000875  -0.061791  -0.998089
      2       1.000000   0.000264   0.000860
 P Eigenvalues: 
                  0          1          2    
      0      21.556438  23.978504  27.454434
P(iso)  24.329792
 Nucleus: 55 H 
 Shielding tensor (ppm): 
                  0          1          2    
      0      27.377732  -1.383504   0.000402
      1      -1.377214  24.236790  -0.002504
      2       0.000863  -0.002474  21.306893
 P Tensor eigenvectors:
                   0          1          2    
      0       0.000104   0.352828  -0.935688
      1       0.000897   0.935688   0.352828
      2       1.000000  -0.000876  -0.000219
 P Eigenvalues: 
                  0          1          2    
      0      21.306891  23.716385  27.898139
P(iso)  24.307138
 Nucleus: 56 H 
 Shielding tensor (ppm): 
                  0          1          2    
      0      28.411075  -2.775993  -0.001170
      1      -1.898144  23.788312  -0.006821
      2      -0.003815  -0.004780  20.029732
 P Tensor eigenvectors:
                   0          1          2    
      0       0.000874   0.392979  -0.919547
      1       0.002106   0.919545   0.392980
      2       0.999997  -0.002280  -0.000024
 P Eigenvalues: 
                  0          1          2    
      0      20.029718  22.813171  29.386230
P(iso)  24.076373
 Nucleus: 57 H 
 Shielding tensor (ppm): 
                  0          1          2    
      0      27.366354   3.587914  -0.002829
      1       2.678567  24.607613  -0.004604
      2      -0.001246  -0.004419  20.248332
 P Tensor eigenvectors:
                   0          1          2    
      0      -0.000243  -0.553693  -0.832721
      1       0.001213   0.832720  -0.553693
      2       0.999999  -0.001144   0.000469
 P Eigenvalues: 
                  0          1          2    
      0      20.248327  22.564082  29.409890
P(iso)  24.074100
 Nucleus: 58 H 
 Shielding tensor (ppm): 
                  0          1          2    
      0      27.013301   1.844635  -0.002811
      1       1.820396  24.667855  -0.004172
      2      -0.002881  -0.004419  21.259149
 P Tensor eigenvectors:
                   0          1          2    
      0       0.000112  -0.480297  -0.877106
      1       0.001197   0.877105  -0.480297
      2       0.999999  -0.000996   0.000673
 P Eigenvalues: 
                  0          1          2    
      0      21.259144  23.664945  28.016217
P(iso)  24.313435
# -----------------------------------------------------------
$ EPRNMR_ATensor
   description: Hyperfine A tensor
   geom. index: 1
   prop. index: 1
 Number of stored nuclei 29
 Source density: 1 SCF 
 Spin multiplicity: 2 
 Nucleus: 9 H  
 Isotope: 1 
 Nuclear Spin:  0.5 
 Prefactor (MHz): 533.551395 
 Raw A tensor (MHz): 
                  0          1          2    
      0     -16.012675   6.263248  -0.015769
      1       6.266000 -12.824830  -0.022962
      2      -0.015771  -0.022970 -17.194271
 A Tensor eigenvectors:
                   0          1          2    
      0       0.613745   0.002199   0.789501
      1       0.789499   0.002103  -0.613749
      2      -0.003010   0.999995  -0.000445
 A Eigenvalues: 
                  0          1          2    
      0      -7.954452 -17.194354 -20.882970
A(iso)  -15.343925
 Nucleus: 10 H  
 Isotope: 1 
 Nuclear Spin:  0.5 
 Prefactor (MHz): 533.551395 
 Raw A tensor (MHz): 
                  0          1          2    
      0       8.427442  -2.300777   0.006150
      1      -2.301919   6.732671  -0.006327
      2       0.006153  -0.006328   4.554199
 A Tensor eigenvectors:
                   0          1          2    
      0       0.000369   0.572012  -0.820245
      1       0.003294   0.820240   0.572010
      2       0.999995  -0.002913  -0.001582
 A Eigenvalues: 
                  0          1          2    
      0       4.554180   5.127662  10.032470
A(iso)  6.571437
 Nucleus: 12 H  
 Isotope: 1 
 Nuclear Spin:  0.5 
 Prefactor (MHz): 533.551395 
 Raw A tensor (MHz): 
                  0          1          2    
      0     -19.848135   1.839616   0.011105
      1       1.837839 -73.881241   0.080742
      2       0.011120   0.080760 -48.392036
 A Tensor eigenvectors:
                   0          1          2    
      0       0.999422   0.000590  -0.033986
      1       0.033988  -0.003125   0.999417
      2       0.000484  -0.999995  -0.003143
 A Eigenvalues: 
                  0          1          2    
      0     -19.785629 -48.391791 -73.943993
A(iso)  -47.373804
 Nucleus: 14 H  
 Isotope: 1 
 Nuclear Spin:  0.5 
 Prefactor (MHz): 533.551395 
 Raw A tensor (MHz): 
                  0          1          2    
      0      70.392724   3.572407   1.979768
      1       3.571337  72.328195   1.953022
      2       1.978259   1.953205  67.266901
 A Tensor eigenvectors:
                   0          1          2    
      0      -0.382292   0.710990   0.590208
      1      -0.071828  -0.659657   0.748126
      2       0.921245   0.243609   0.303251
 A Eigenvalues: 
                  0          1          2    
      0      66.293568  67.756771  75.937481
A(iso)  69.995940
 Nucleus: 15 H  
 Isotope: 1 
 Nuclear Spin:  0.5 
 Prefactor (MHz): 533.551395 
 Raw A tensor (MHz): 
                  0          1          2    
      0      69.376933   3.566801  -1.973116
      1       3.565711  71.181134  -1.958309
      2      -1.971579  -1.958496  66.145501
 A Tensor eigenvectors:
                   0          1          2    
      0       0.362898   0.716567   0.595682
      1       0.087191  -0.662568   0.743909
      2       0.927741  -0.218026  -0.302923
 A Eigenvalues: 
                  0          1          2    
      0      65.190115  66.679500  74.833952
A(iso)  68.901189
 Nucleus: 17 H  
 Isotope: 1 
 Nuclear Spin:  0.5 
 Prefactor (MHz): 533.551395 
 Raw A tensor (MHz): 
                  0          1          2    
      0      -2.261300  -2.067796   0.664450
      1      -2.067552   1.761340  -1.360872
      2       0.663852  -1.359748  -2.791260
 A Tensor eigenvectors:
                   0          1          2    
      0      -0.379869  -0.681941  -0.625025
      1       0.890141  -0.453317  -0.046400
      2      -0.251692  -0.573986   0.779225
 A Eigenvalues: 
                  0          1          2    
      0       3.027313  -3.075615  -3.242919
A(iso)  -1.097073
 Nucleus: 18 H  
 Isotope: 1 
 Nuclear Spin:  0.5 
 Prefactor (MHz): 533.551395 
 Raw A tensor (MHz): 
                  0          1          2    
      0      -2.238815  -2.095385  -0.625335
      1      -2.095140   1.777574   1.274939
      2      -0.624761   1.273842  -2.828940
 A Tensor eigenvectors:
                   0          1          2    
      0      -0.384184  -0.674196   0.630763
      1       0.892610  -0.445797   0.067176
      2       0.235903   0.588833   0.773062
 A Eigenvalues: 
                  0          1          2    
      0       3.015446  -3.077491  -3.228135
A(iso)  -1.096727
 Nucleus: 20 H  
 Isotope: 1 
 Nuclear Spin:  0.5 
 Prefactor (MHz): 533.551395 
 Raw A tensor (MHz): 
                  0          1          2    
      0       0.032696   0.255828  -0.097241
      1       0.256176   2.153005  -0.386852
      2      -0.097394  -0.386661   0.063790
 A Tensor eigenvectors:
                   0          1          2    
      0       0.604337  -0.787607   0.120219
      1      -0.214074  -0.015180   0.976699
      2      -0.767430  -0.615991  -0.177780
 A Eigenvalues: 
                  0          1          2    
      0       0.045129  -0.050557   2.254920
A(iso)  0.749831
 Nucleus: 21 H  
 Isotope: 1 
 Nuclear Spin:  0.5 
 Prefactor (MHz): 533.551395 
 Raw A tensor (MHz): 
                  0          1          2    
      0       0.028250   0.246986   0.094992
      1       0.247336   2.165276   0.363819
      2       0.095140   0.363630   0.058008
 A Tensor eigenvectors:
                   0          1          2    
      0      -0.589064   0.799768  -0.115650
      1       0.203008   0.007936  -0.979145
      2      -0.782171  -0.600257  -0.167034
 A Eigenvalues: 
                  0          1          2    
      0       0.047508  -0.052497   2.256523
A(iso)  0.750511
 Nucleus: 23 H  
 Isotope: 1 
 Nuclear Spin:  0.5 
 Prefactor (MHz): 533.551395 
 Raw A tensor (MHz): 
                  0          1          2    
      0      25.131412  -1.519399  -0.904953
      1      -1.518915  25.163128   0.470963
      2      -0.904340   0.471139  23.819466
 A Tensor eigenvectors:
                   0          1          2    
      0      -0.604747   0.395841   0.691079
      1      -0.302012   0.688941  -0.658900
      2      -0.736932  -0.607183  -0.297086
 A Eigenvalues: 
                  0          1          2    
      0      23.270257  23.874974  26.968775
A(iso)  24.704669
 Nucleus: 24 H  
 Isotope: 1 
 Nuclear Spin:  0.5 
 Prefactor (MHz): 533.551395 
 Raw A tensor (MHz): 
                  0          1          2    
      0      25.175802  -1.515204   0.913181
      1      -1.514723  25.210305  -0.478126
      2       0.912566  -0.478302  23.876247
 A Tensor eigenvectors:
                   0          1          2    
      0       0.606616   0.394377   0.690278
      1       0.299784   0.690704  -0.658071
      2      -0.736306   0.606130   0.300765
 A Eigenvalues: 
                  0          1          2    
      0      23.318986  23.925486  27.017882
A(iso)  24.754118
 Nucleus: 26 H  
 Isotope: 1 
 Nuclear Spin:  0.5 
 Prefactor (MHz): 533.551395 
 Raw A tensor (MHz): 
                  0          1          2    
      0      -0.821638   0.337780  -0.083549
      1       0.337316   0.759051  -0.392528
      2      -0.083319  -0.392272  -0.925530
 A Tensor eigenvectors:
                   0          1          2    
      0       0.978249   0.196287   0.067083
      1      -0.206012   0.957136   0.203593
      2      -0.024245  -0.212985   0.976755
 A Eigenvalues: 
                  0          1          2    
      0      -0.890628   0.915527  -1.013016
A(iso)  -0.329372
 Nucleus: 27 H  
 Isotope: 1 
 Nuclear Spin:  0.5 
 Prefactor (MHz): 533.551395 
 Raw A tensor (MHz): 
                  0          1          2    
      0      -0.824316   0.337417   0.082950
      1       0.336953   0.761007   0.387260
      2       0.082721   0.387003  -0.930324
 A Tensor eigenvectors:
                   0          1          2    
      0       0.977980   0.195799  -0.072229
      1      -0.206506   0.957922  -0.199349
      2       0.030157   0.209875   0.977263
 A Eigenvalues: 
                  0          1          2    
      0      -0.892937   0.914685  -1.015380
A(iso)  -0.331211
 Nucleus: 29 H  
 Isotope: 1 
 Nuclear Spin:  0.5 
 Prefactor (MHz): 533.551395 
 Raw A tensor (MHz): 
                  0          1          2    
      0      -0.036274  -0.282063  -0.059517
      1      -0.282222   0.681811   0.120415
      2      -0.059529   0.120327  -0.093619
 A Tensor eigenvectors:
                   0          1          2    
      0       0.418654   0.847704   0.325772
      1       0.282519   0.219349  -0.933846
      2      -0.863083   0.482995  -0.147661
 A Eigenvalues: 
                  0          1          2    
      0      -0.104105  -0.143263   0.799286
A(iso)  0.183973
 Nucleus: 30 H  
 Isotope: 1 
 Nuclear Spin:  0.5 
 Prefactor (MHz): 533.551395 
 Raw A tensor (MHz): 
                  0          1          2    
      0      -0.036438  -0.281349   0.060624
      1      -0.281508   0.681328  -0.123327
      2       0.060637  -0.123238  -0.092373
 A Tensor eigenvectors:
                   0          1          2    
      0       0.419128   0.847685  -0.325210
      1       0.285631   0.216894   0.933473
      2       0.861827  -0.484135  -0.151218
 A Eigenvalues: 
                  0          1          2    
      0      -0.103701  -0.143142   0.799361
A(iso)  0.184172
 Nucleus: 32 H  
 Isotope: 1 
 Nuclear Spin:  0.5 
 Prefactor (MHz): 533.551395 
 Raw A tensor (MHz): 
                  0          1          2    
      0      -0.100619  -0.012510  -0.000974
      1      -0.012621   0.366349   0.062523
      2      -0.000982   0.062493  -0.117734
 A Tensor eigenvectors:
                   0          1          2    
      0       0.999348   0.024669  -0.026364
      1       0.023035   0.126633   0.991682
      2       0.027802  -0.991643   0.125982
 A Eigenvalues: 
                  0          1          2    
      0      -0.100938  -0.125690   0.374623
A(iso)  0.049332
 Nucleus: 33 H  
 Isotope: 1 
 Nuclear Spin:  0.5 
 Prefactor (MHz): 533.551395 
 Raw A tensor (MHz): 
                  0          1          2    
      0      -0.100858  -0.012320   0.001076
      1      -0.012431   0.365659  -0.064047
      2       0.001084  -0.064018  -0.117597
 A Tensor eigenvectors:
                   0          1          2    
      0       0.999438   0.021178   0.025993
      1       0.023033   0.129681  -0.991288
      2      -0.024365   0.991330   0.129120
 A Eigenvalues: 
                  0          1          2    
      0      -0.101171  -0.125949   0.374324
A(iso)  0.049068
 Nucleus: 35 H  
 Isotope: 1 
 Nuclear Spin:  0.5 
 Prefactor (MHz): 533.551395 
 Raw A tensor (MHz): 
                  0          1          2    
      0      -0.798604  -0.239698   0.002770
      1      -0.239543   0.668490  -0.010240
      2       0.002768  -0.010239  -0.823377
 A Tensor eigenvectors:
                   0          1          2    
      0      -0.157260  -0.081565  -0.984183
      1       0.987533  -0.019946  -0.156142
      2      -0.006895  -0.996468   0.083685
 A Eigenvalues: 
                  0          1          2    
      0       0.706708  -0.823355  -0.836844
A(iso)  -0.317830
 Nucleus: 36 H  
 Isotope: 1 
 Nuclear Spin:  0.5 
 Prefactor (MHz): 533.551395 
 Raw A tensor (MHz): 
                  0          1          2    
      0      -0.116705  -0.068294   0.000129
      1      -0.068372   0.221260  -0.000624
      2       0.000129  -0.000624  -0.130451
 A Tensor eigenvectors:
                   0          1          2    
      0       0.981473  -0.016812   0.190859
      1       0.190861  -0.001492  -0.981616
      2       0.016788   0.999858   0.001745
 A Eigenvalues: 
                  0          1          2    
      0      -0.129998  -0.130452   0.234555
A(iso)  -0.008632
 Nucleus: 43 H  
 Isotope: 1 
 Nuclear Spin:  0.5 
 Prefactor (MHz): 533.551395 
 Raw A tensor (MHz): 
                  0          1          2    
      0       0.444812  -0.041657   0.000116
      1      -0.041664   1.176609  -0.000262
      2       0.000116  -0.000262   0.717048
 A Tensor eigenvectors:
                   0          1          2    
      0       0.998394  -0.000334  -0.056650
      1       0.056649  -0.000600   0.998394
      2      -0.000368  -1.000000  -0.000580
 A Eigenvalues: 
                  0          1          2    
      0       0.442448   0.717048   1.178973
A(iso)  0.779490
 Nucleus: 44 H  
 Isotope: 1 
 Nuclear Spin:  0.5 
 Prefactor (MHz): 533.551395 
 Raw A tensor (MHz): 
                  0          1          2    
      0      -0.279271  -0.166374   0.000194
      1      -0.166353  -0.348884  -0.000039
      2       0.000194  -0.000039  -0.305536
 A Tensor eigenvectors:
                   0          1          2    
      0       0.776135  -0.000515  -0.630566
      1      -0.630566   0.001082  -0.776135
      2       0.001082   0.999999   0.000515
 A Eigenvalues: 
                  0          1          2    
      0      -0.144112  -0.305536  -0.484044
A(iso)  -0.311231
 Nucleus: 45 H  
 Isotope: 1 
 Nuclear Spin:  0.5 
 Prefactor (MHz): 533.551395 
 Raw A tensor (MHz): 
                  0          1          2    
      0       1.399241   0.316381   0.000497
      1       0.316173   0.235495   0.000530
      2       0.000497   0.000531   0.590342
 A Tensor eigenvectors:
                   0          1          2    
      0       0.246442   0.000889   0.969157
      1      -0.969157  -0.000702   0.246442
      2       0.000899  -0.999999   0.000688
 A Eigenvalues: 
                  0          1          2    
      0       0.155094   0.590342   1.479643
A(iso)  0.741693
 Nucleus: 46 H  
 Isotope: 1 
 Nuclear Spin:  0.5 
 Prefactor (MHz): 533.551395 
 Raw A tensor (MHz): 
                  0          1          2    
      0       1.279414  -0.395161   0.000507
      1      -0.395007   0.308852   0.000300
      2       0.000507   0.000300   0.636817
 A Tensor eigenvectors:
                   0          1          2    
      0      -0.335087   0.000130   0.942187
      1      -0.942187  -0.001072  -0.335087
      2       0.000967  -0.999999   0.000482
 A Eigenvalues: 
                  0          1          2    
      0       0.168362   0.636817   1.419904
A(iso)  0.741695
 Nucleus: 47 H  
 Isotope: 1 
 Nuclear Spin:  0.5 
 Prefactor (MHz): 533.551395 
 Raw A tensor (MHz): 
                  0          1          2    
      0      -0.243402   0.115254   0.000149
      1       0.115208  -0.372156   0.000028
      2       0.000149   0.000028  -0.320689
 A Tensor eigenvectors:
                   0          1          2    
      0       0.862453  -0.000631   0.506137
      1       0.506136  -0.000869  -0.862453
      2       0.000984   0.999999  -0.000430
 A Eigenvalues: 
                  0          1          2    
      0      -0.175785  -0.320689  -0.439774
A(iso)  -0.312082
 Nucleus: 54 H  
 Isotope: 1 
 Nuclear Spin:  0.5 
 Prefactor (MHz): 533.551395 
 Raw A tensor (MHz): 
                  0          1          2    
      0      -0.662198   0.240753  -0.000442
      1       0.240745  -3.202643   0.000736
      2      -0.000442   0.000736  -2.116925
 A Tensor eigenvectors:
                   0          1          2    
      0       0.995617  -0.000185  -0.093520
      1       0.093520  -0.000719   0.995617
      2      -0.000252  -1.000000  -0.000699
 A Eigenvalues: 
                  0          1          2    
      0      -0.639584  -2.116925  -3.225257
A(iso)  -1.993922
 Nucleus: 55 H  
 Isotope: 1 
 Nuclear Spin:  0.5 
 Prefactor (MHz): 533.551395 
 Raw A tensor (MHz): 
                  0          1          2    
      0       1.273461  -0.050962  -0.000210
      1      -0.050919   0.684985  -0.000244
      2      -0.000210  -0.000244   0.453584
 A Tensor eigenvectors:
                   0          1          2    
      0       0.000326   0.085644  -0.996326
      1       0.001127   0.996325   0.085644
      2       0.999999  -0.001150   0.000228
 A Eigenvalues: 
                  0          1          2    
      0       0.453584   0.680608   1.277838
A(iso)  0.804010
 Nucleus: 56 H  
 Isotope: 1 
 Nuclear Spin:  0.5 
 Prefactor (MHz): 533.551395 
 Raw A tensor (MHz): 
                  0          1          2    
      0      -1.186583   0.598040  -0.002020
      1       0.597764  -1.614667  -0.001741
      2      -0.002019  -0.001741  -2.687811
 A Tensor eigenvectors:
                   0          1          2    
      0       0.817609   0.575773  -0.000899
      1       0.575772  -0.817610  -0.001121
      2      -0.001380   0.000399  -0.999999
 A Eigenvalues: 
                  0          1          2    
      0      -0.765561  -2.035684  -2.687815
A(iso)  -1.829687
 Nucleus: 57 H  
 Isotope: 1 
 Nuclear Spin:  0.5 
 Prefactor (MHz): 533.551395 
 Raw A tensor (MHz): 
                  0          1          2    
      0      -2.007124  -0.259631  -0.000013
      1      -0.259096  -1.127741  -0.001834
      2      -0.000014  -0.001834  -2.379423
 A Tensor eigenvectors:
                   0          1          2    
      0      -0.263546   0.964646  -0.001235
      1       0.964646   0.263543  -0.001721
      2      -0.001335  -0.001645  -0.999998
 A Eigenvalues: 
                  0          1          2    
      0      -1.056942  -2.077920  -2.379427
A(iso)  -1.838096
 Nucleus: 58 H  
 Isotope: 1 
 Nuclear Spin:  0.5 
 Prefactor (MHz): 533.551395 
 Raw A tensor (MHz): 
                  0          1          2    
      0       1.420974   0.283295  -0.000578
      1       0.283249   0.593499  -0.000192
      2      -0.000578  -0.000192   0.395465
 A Tensor eigenvectors:
                   0          1          2    
      0       0.000490  -0.295711  -0.955277
      1       0.000267   0.955277  -0.295711
      2       1.000000  -0.000110   0.000547
 A Eigenvalues: 
                  0          1          2    
      0       0.395465   0.505817   1.508656
A(iso)  0.803313
# -------------------------------------------------------------
----------------------- !GEOMETRIES! ------------------------
# -------------------------------------------------------------
------------------------ !GEOMETRY! -------------------------
    Number of atoms:    59 
    Geometry Index:     1 
    Coordinates:
               0 C     -4.063410640183   -0.116031054390    0.000381337500
               1 C     -2.838030749865   -0.045851493360    0.001358918937
               2 C      2.847796016837    0.031501939697    0.002314055984
               3 C     -1.415755397693    0.009273707733    0.001096618882
               4 C     -0.713197343764    1.275735237113   -0.002064880162
               5 C      0.712164761630    1.217649563109   -0.001116425882
               6 C      1.416712846427    0.007055238535    0.001976297895
               7 C      0.711436149763   -1.243044294108    0.004484349777
               8 C     -0.686037307660   -1.199692517910    0.004133852277
               9 H      1.279389411912    2.141816514251   -0.003061478708
              10 H     -1.251248841961   -2.124613919489    0.006213501554
              11 C     -1.407695078850    2.509167141798   -0.006354961304
              12 H     -2.493809736554    2.470704102212   -0.007172672220
              13 C     -0.753515140070    3.865508736908   -0.009553036606
              14 H     -0.099755914702    3.970330209858    0.871049930028
              15 H     -0.085895744982    3.959684012573   -0.880810021352
              16 C     -1.764098800125    5.027727859772   -0.024790185735
              17 H     -2.407066999596    4.932102157225   -0.909064869765
              18 H     -2.421827350569    4.942655909954    0.849684456072
              19 C     -1.086359031310    6.408105916023   -0.027337177484
              20 H     -0.444945791656    6.530732414743   -0.907455077969
              21 H     -0.459508954773    6.541122619401    0.861724575030
              22 C      1.493588734795   -2.545562452246    0.007442828463
              23 H      2.163440424007   -2.545935090054   -0.863659864086
              24 H      2.161559999559   -2.543208367812    0.879998293401
              25 C      0.669127434575   -3.842481726797    0.008516503664
              26 H      0.012618502247   -3.867388483325    0.888486233355
              27 H      0.014369150755   -3.869833442103   -0.872689438856
              28 C      1.555056781912   -5.101487965775    0.011166313632
              29 H      2.214101648329   -5.082052315250   -0.867049884644
              30 H      2.212054842702   -5.079807490741    0.890861319862
              31 C      0.741313232679   -6.407351284252    0.011888514734
              32 H      0.098484915339   -6.470913147799   -0.873352531134
              33 H      0.095990839778   -6.468370991306    0.895491080269
              34 C      4.073016446216    0.052379259014    0.003429972654
              35 H     -1.826669421438    7.214570514564   -0.038164211291
              36 H      1.395680456676   -7.285258277334    0.014066931344
              37 C      5.504808245911    0.085474599384    0.003548238225
              38 C      6.195097758743    1.322267086477    0.002863048803
              39 C      7.594370309618    1.350943658203    0.002826353693
              40 C      8.329482889305    0.153178610295    0.003481927718
              41 C      7.652616536075   -1.078498402689    0.004191610936
              42 C      6.253539243418   -1.116732808845    0.004239141266
              43 H      9.415843371093    0.179316704679    0.003436557104
              44 H      8.215781330547   -2.008107495337    0.004693437346
              45 H      5.624765260638    2.246411427710    0.002350365192
              46 H      5.728700957914   -2.067422583981    0.004763562799
              47 H      8.112574644762    2.306356188439    0.002279041667
              48 C     -5.490595232580   -0.212093725495    0.000500249845
              49 C     -6.294857402307    0.954566657193   -0.000326992036
              50 C     -7.690441060363    0.851753216164   -0.000036739624
              51 C     -8.310216413557   -0.409774256947    0.001059706625
              52 C     -7.520554421776   -1.572551823428    0.001856650301
              53 C     -6.124408417896   -1.479766556538    0.001574444991
              54 H     -9.394221430682   -0.485886831626    0.001298655428
              55 H     -7.994313112411   -2.550796145134    0.002709195015
              56 H     -5.815023016941    1.928755558750   -0.001132968247
              57 H     -5.512229084605   -2.376732353307    0.002198960905
              58 H     -8.295756955295    1.754502495600   -0.000643006070
