-------------------------------------------------------------
----------------------- !PROPERTIES! ------------------------
-------------------------------------------------------------
# -----------------------------------------------------------
$ PAL_Flags
   description: The PAL Flags
   geom. index: 1
   prop. index: 1
        Diskflag:     2
# -----------------------------------------------------------
$ SCF_Energy
   description: The SCF energy
   geom. index: 1
   prop. index: 1
        SCF Energy:    -1159.9166087121
# -----------------------------------------------------------
$ DFT_Energy
   description: The DFT energy
   geom. index: 1
   prop. index: 1
   Number of Alpha Electrons                105.0001813868 
   Number of Beta  Electrons                104.0001708474 
   Total number of  Electrons               209.0003522342 
   Exchange energy                         -131.3522272923 
   Correlation energy                        -8.1627281849 
   Correlation energy NL                      0.0000000000 
   Exchange-Correlation energy             -139.5149554772 
   Embedding correction                       0.0000000000 
   Total DFT Energy (No VdW correction)   -1159.9166087121 
# -----------------------------------------------------------
$ Mayer_Pop
   description: The Mayer population analysis
   geom. index: 1
   prop. index: 1
     Number of atoms                     : 59
     Threshold for printing              : 0.1000000
     Number of bond orders printed       : 70
  NA   - Mulliken gross atomic population
  ZA   - Total nuclear charge
  QA   - Mulliken gross atomic charge
  VA   - Mayer's total valence
  BVA  - Mayer's bonded valence
  FA   - Mayer's free valence
  ATOM       NA         ZA         QA         VA         BVA        FA
  0   0     6.3045     6.0000    -0.3045     3.8931     3.8871     0.0060
  1   0     6.4185     6.0000    -0.4185     3.7274     3.7254     0.0020
  2   0     6.4190     6.0000    -0.4190     3.7312     3.7307     0.0005
  3   0     5.4963     6.0000     0.5037     3.8300     3.7961     0.0339
  4   0     5.6202     6.0000     0.3798     3.9682     3.9537     0.0145
  5   0     6.4522     6.0000    -0.4522     4.2282     4.1928     0.0354
  6   0     5.4396     6.0000     0.5604     3.8780     3.8710     0.0070
  7   0     5.7556     6.0000     0.2444     3.9292     3.8923     0.0369
  8   0     6.3933     6.0000    -0.3933     4.3186     4.3106     0.0080
  9   0     0.8711     1.0000     0.1289     0.9667     0.9665     0.0002
 10   0     0.8695     1.0000     0.1305     0.9671     0.9671     0.0000
 11   0     6.2624     6.0000    -0.2624     3.9861     3.6135     0.3726
 12   0     0.8755     1.0000     0.1245     0.9836     0.9820     0.0016
 13   0     6.2684     6.0000    -0.2684     3.9684     3.9670     0.0014
 14   0     0.8503     1.0000     0.1497     0.9646     0.9636     0.0010
 15   0     0.8506     1.0000     0.1494     0.9647     0.9637     0.0010
 16   0     6.2814     6.0000    -0.2814     3.9014     3.9014     0.0000
 17   0     0.8480     1.0000     0.1520     0.9644     0.9644     0.0000
 18   0     0.8481     1.0000     0.1519     0.9644     0.9644     0.0000
 19   0     6.5071     6.0000    -0.5071     3.9072     3.9072     0.0000
 20   0     0.8429     1.0000     0.1571     0.9660     0.9660     0.0000
 21   0     0.8429     1.0000     0.1571     0.9660     0.9660     0.0000
 22   0     6.3537     6.0000    -0.3537     4.0270     4.0268     0.0002
 23   0     0.8506     1.0000     0.1494     0.9636     0.9635     0.0001
 24   0     0.8506     1.0000     0.1494     0.9636     0.9635     0.0001
 25   0     6.2667     6.0000    -0.2667     4.0302     4.0302     0.0000
 26   0     0.8610     1.0000     0.1390     0.9670     0.9670     0.0000
 27   0     0.8610     1.0000     0.1390     0.9670     0.9670     0.0000
 28   0     6.2538     6.0000    -0.2538     3.8899     3.8899     0.0000
 29   0     0.8589     1.0000     0.1411     0.9678     0.9678     0.0000
 30   0     0.8588     1.0000     0.1412     0.9678     0.9678     0.0000
 31   0     6.5080     6.0000    -0.5080     3.9026     3.9026     0.0000
 32   0     0.8424     1.0000     0.1576     0.9658     0.9658     0.0000
 33   0     0.8424     1.0000     0.1576     0.9658     0.9658     0.0000
 34   0     6.2921     6.0000    -0.2921     3.9207     3.9194     0.0013
 35   0     0.8558     1.0000     0.1442     0.9676     0.9676     0.0000
 36   0     0.8580     1.0000     0.1420     0.9673     0.9673     0.0000
 37   0     5.4087     6.0000     0.5913     3.9455     3.9454     0.0001
 38   0     6.2818     6.0000    -0.2818     4.2005     4.2004     0.0001
 39   0     6.0969     6.0000    -0.0969     4.0980     4.0980     0.0000
 40   0     6.1202     6.0000    -0.1202     4.0783     4.0782     0.0001
 41   0     6.1010     6.0000    -0.1010     4.1025     4.1025     0.0000
 42   0     6.2730     6.0000    -0.2730     4.1863     4.1862     0.0001
 43   0     0.8951     1.0000     0.1049     0.9585     0.9585     0.0000
 44   0     0.8958     1.0000     0.1042     0.9617     0.9617     0.0000
 45   0     0.8820     1.0000     0.1180     0.9608     0.9608     0.0000
 46   0     0.8825     1.0000     0.1175     0.9608     0.9608     0.0000
 47   0     0.8958     1.0000     0.1042     0.9619     0.9619     0.0000
 48   0     5.4008     6.0000     0.5992     3.9388     3.9385     0.0003
 49   0     6.2823     6.0000    -0.2823     4.1990     4.1985     0.0005
 50   0     6.0981     6.0000    -0.0981     4.1020     4.1019     0.0001
 51   0     6.1227     6.0000    -0.1227     4.0780     4.0774     0.0006
 52   0     6.0992     6.0000    -0.0992     4.0984     4.0983     0.0001
 53   0     6.2770     6.0000    -0.2770     4.2017     4.2012     0.0005
 54   0     0.8955     1.0000     0.1045     0.9586     0.9586     0.0000
 55   0     0.8961     1.0000     0.1039     0.9619     0.9619     0.0000
 56   0     0.8852     1.0000     0.1148     0.9614     0.9614     0.0000
 57   0     0.8825     1.0000     0.1175     0.9611     0.9611     0.0000
 58   0     0.8964     1.0000     0.1036     0.9618     0.9618     0.0000
      Bond orders larger than 0.1000000
           Atom A     A.N. of A          Atom B    A.N. of B              Bond order
                0             6               1            6                2.428691
                0             6              48            6                1.026133
                1             6               3            6                0.793878
                2             6               6            6                0.759614
                2             6              34            6                2.485161
                3             6               4            6                1.278502
                3             6               7            6                0.109995
                3             6               8            6                1.437494
                4             6               5            6                1.223022
                4             6               6            6                0.119978
                4             6              11            6                1.296914
                5             6               6            6                1.494252
                5             6               9            1                0.971038
                6             6               7            6                1.337580
                6             6               8            6                0.113175
                7             6               8            6                1.413567
                7             6              22            6                0.963004
                8             6              10            1                0.972482
               11             6              12            1                0.983076
               11             6              13            6                1.000552
               13             6              14            1                0.955166
               13             6              15            1                0.955024
               13             6              16            6                0.982485
               16             6              17            1                0.972164
               16             6              18            1                0.972011
               16             6              19            6                0.961562
               19             6              20            1                0.972905
               19             6              21            1                0.972934
               19             6              35            1                0.967349
               22             6              23            1                0.955253
               22             6              24            1                0.955468
               22             6              25            6                1.024841
               25             6              26            1                0.960731
               25             6              27            1                0.960809
               25             6              28            6                0.987799
               28             6              29            1                0.971304
               28             6              30            1                0.971306
               28             6              31            6                0.954269
               31             6              32            1                0.973230
               31             6              33            1                0.973229
               31             6              36            1                0.967185
               34             6              37            6                1.012915
               37             6              38            6                1.391490
               37             6              39            6                0.100983
               37             6              42            6                1.386377
               38             6              39            6                1.476402
               38             6              40            6                0.100525
               38             6              45            1                0.982855
               39             6              40            6                1.452232
               39             6              47            1                0.976612
               40             6              41            6                1.454899
               40             6              42            6                0.101575
               40             6              43            1                0.966204
               41             6              42            6                1.476277
               41             6              44            1                0.977500
               42             6              46            1                0.980696
               48             6              49            6                1.384552
               48             6              52            6                0.100581
               48             6              53            6                1.381160
               49             6              50            6                1.477945
               49             6              51            6                0.103442
               49             6              56            1                0.981934
               50             6              51            6                1.452771
               50             6              58            1                0.977420
               51             6              52            6                1.451070
               51             6              53            6                0.100462
               51             6              54            1                0.966163
               52             6              53            6                1.477794
               52             6              55            1                0.976820
               53             6              57            1                0.983033
# -----------------------------------------------------------
$ PAL_Flags
   description: The PAL Flags
   geom. index: 2
   prop. index: 1
        Diskflag:     2
# -----------------------------------------------------------
$ SCF_Energy
   description: The SCF energy
   geom. index: 2
   prop. index: 1
        SCF Energy:    -1159.9178993376
# -----------------------------------------------------------
$ DFT_Energy
   description: The DFT energy
   geom. index: 2
   prop. index: 1
   Number of Alpha Electrons                105.0001734515 
   Number of Beta  Electrons                104.0001636403 
   Total number of  Electrons               209.0003370917 
   Exchange energy                         -131.3571314099 
   Correlation energy                        -8.1619742161 
   Correlation energy NL                      0.0000000000 
   Exchange-Correlation energy             -139.5191056260 
   Embedding correction                       0.0000000000 
   Total DFT Energy (No VdW correction)   -1159.9178993376 
# -----------------------------------------------------------
$ PAL_Flags
   description: The PAL Flags
   geom. index: 3
   prop. index: 1
        Diskflag:     2
# -----------------------------------------------------------
$ SCF_Energy
   description: The SCF energy
   geom. index: 3
   prop. index: 1
        SCF Energy:    -1159.9179556109
# -----------------------------------------------------------
$ DFT_Energy
   description: The DFT energy
   geom. index: 3
   prop. index: 1
   Number of Alpha Electrons                105.0001736926 
   Number of Beta  Electrons                104.0001641573 
   Total number of  Electrons               209.0003378499 
   Exchange energy                         -131.3514627049 
   Correlation energy                        -8.1614225543 
   Correlation energy NL                      0.0000000000 
   Exchange-Correlation energy             -139.5128852591 
   Embedding correction                       0.0000000000 
   Total DFT Energy (No VdW correction)   -1159.9179556109 
# -----------------------------------------------------------
$ PAL_Flags
   description: The PAL Flags
   geom. index: 4
   prop. index: 1
        Diskflag:     2
# -----------------------------------------------------------
$ SCF_Energy
   description: The SCF energy
   geom. index: 4
   prop. index: 1
        SCF Energy:    -1159.9179705270
# -----------------------------------------------------------
$ DFT_Energy
   description: The DFT energy
   geom. index: 4
   prop. index: 1
   Number of Alpha Electrons                105.0001738593 
   Number of Beta  Electrons                104.0001645076 
   Total number of  Electrons               209.0003383669 
   Exchange energy                         -131.3492508823 
   Correlation energy                        -8.1612386172 
   Correlation energy NL                      0.0000000000 
   Exchange-Correlation energy             -139.5104894995 
   Embedding correction                       0.0000000000 
   Total DFT Energy (No VdW correction)   -1159.9179705270 
# -----------------------------------------------------------
$ PAL_Flags
   description: The PAL Flags
   geom. index: 5
   prop. index: 1
        Diskflag:     2
# -----------------------------------------------------------
$ SCF_Energy
   description: The SCF energy
   geom. index: 5
   prop. index: 1
        SCF Energy:    -1159.9179741873
# -----------------------------------------------------------
$ DFT_Energy
   description: The DFT energy
   geom. index: 5
   prop. index: 1
   Number of Alpha Electrons                105.0001738560 
   Number of Beta  Electrons                104.0001645916 
   Total number of  Electrons               209.0003384476 
   Exchange energy                         -131.3494791504 
   Correlation energy                        -8.1612655785 
   Correlation energy NL                      0.0000000000 
   Exchange-Correlation energy             -139.5107447289 
   Embedding correction                       0.0000000000 
   Total DFT Energy (No VdW correction)   -1159.9179741873 
# -----------------------------------------------------------
$ PAL_Flags
   description: The PAL Flags
   geom. index: 6
   prop. index: 1
        Diskflag:     2
# -----------------------------------------------------------
$ SCF_Energy
   description: The SCF energy
   geom. index: 6
   prop. index: 1
        SCF Energy:    -1159.9179754923
# -----------------------------------------------------------
$ DFT_Energy
   description: The DFT energy
   geom. index: 6
   prop. index: 1
   Number of Alpha Electrons                105.0001738717 
   Number of Beta  Electrons                104.0001646546 
   Total number of  Electrons               209.0003385263 
   Exchange energy                         -131.3499160836 
   Correlation energy                        -8.1613051269 
   Correlation energy NL                      0.0000000000 
   Exchange-Correlation energy             -139.5112212105 
   Embedding correction                       0.0000000000 
   Total DFT Energy (No VdW correction)   -1159.9179754923 
# -----------------------------------------------------------
$ Mayer_Pop
   description: The Mayer population analysis
   geom. index: 6
   prop. index: 1
     Number of atoms                     : 59
     Threshold for printing              : 0.1000000
     Number of bond orders printed       : 65
  NA   - Mulliken gross atomic population
  ZA   - Total nuclear charge
  QA   - Mulliken gross atomic charge
  VA   - Mayer's total valence
  BVA  - Mayer's bonded valence
  FA   - Mayer's free valence
  ATOM       NA         ZA         QA         VA         BVA        FA
  0   0     6.3045     6.0000    -0.3045     3.8881     3.8821     0.0060
  1   0     6.4146     6.0000    -0.4146     3.7214     3.7193     0.0021
  2   0     6.4159     6.0000    -0.4159     3.7250     3.7244     0.0006
  3   0     5.5028     6.0000     0.4972     3.8203     3.7863     0.0340
  4   0     5.6239     6.0000     0.3761     3.9605     3.9457     0.0148
  5   0     6.4473     6.0000    -0.4473     4.2192     4.1834     0.0358
  6   0     5.4442     6.0000     0.5558     3.8670     3.8599     0.0071
  7   0     5.7629     6.0000     0.2371     3.9249     3.8878     0.0371
  8   0     6.3883     6.0000    -0.3883     4.3079     4.2998     0.0081
  9   0     0.8692     1.0000     0.1308     0.9660     0.9658     0.0002
 10   0     0.8676     1.0000     0.1324     0.9665     0.9665     0.0000
 11   0     6.2657     6.0000    -0.2657     3.9804     3.6028     0.3776
 12   0     0.8741     1.0000     0.1259     0.9834     0.9818     0.0016
 13   0     6.2724     6.0000    -0.2724     3.9638     3.9624     0.0014
 14   0     0.8476     1.0000     0.1524     0.9640     0.9631     0.0009
 15   0     0.8482     1.0000     0.1518     0.9641     0.9632     0.0009
 16   0     6.2889     6.0000    -0.2889     3.9005     3.9005     0.0000
 17   0     0.8451     1.0000     0.1549     0.9637     0.9637     0.0000
 18   0     0.8455     1.0000     0.1545     0.9637     0.9637     0.0000
 19   0     6.5101     6.0000    -0.5101     3.9064     3.9064     0.0000
 20   0     0.8407     1.0000     0.1593     0.9654     0.9654     0.0000
 21   0     0.8407     1.0000     0.1593     0.9654     0.9654     0.0000
 22   0     6.3571     6.0000    -0.3571     4.0235     4.0233     0.0002
 23   0     0.8480     1.0000     0.1520     0.9628     0.9627     0.0001
 24   0     0.8479     1.0000     0.1521     0.9628     0.9627     0.0001
 25   0     6.2719     6.0000    -0.2719     4.0253     4.0253     0.0000
 26   0     0.8582     1.0000     0.1418     0.9664     0.9664     0.0000
 27   0     0.8581     1.0000     0.1419     0.9664     0.9664     0.0000
 28   0     6.2627     6.0000    -0.2627     3.8892     3.8892     0.0000
 29   0     0.8559     1.0000     0.1441     0.9671     0.9671     0.0000
 30   0     0.8559     1.0000     0.1441     0.9671     0.9671     0.0000
 31   0     6.5107     6.0000    -0.5107     3.9020     3.9020     0.0000
 32   0     0.8403     1.0000     0.1597     0.9652     0.9652     0.0000
 33   0     0.8403     1.0000     0.1597     0.9653     0.9653     0.0000
 34   0     6.2914     6.0000    -0.2914     3.9167     3.9154     0.0013
 35   0     0.8542     1.0000     0.1458     0.9672     0.9672     0.0000
 36   0     0.8564     1.0000     0.1436     0.9670     0.9670     0.0000
 37   0     5.4158     6.0000     0.5842     3.9354     3.9353     0.0001
 38   0     6.2811     6.0000    -0.2811     4.1963     4.1962     0.0001
 39   0     6.0979     6.0000    -0.0979     4.0953     4.0953     0.0000
 40   0     6.1221     6.0000    -0.1221     4.0764     4.0763     0.0001
 41   0     6.1025     6.0000    -0.1025     4.0998     4.0998     0.0000
 42   0     6.2715     6.0000    -0.2715     4.1806     4.1805     0.0001
 43   0     0.8933     1.0000     0.1067     0.9581     0.9581     0.0000
 44   0     0.8942     1.0000     0.1058     0.9614     0.9614     0.0000
 45   0     0.8804     1.0000     0.1196     0.9604     0.9604     0.0000
 46   0     0.8809     1.0000     0.1191     0.9604     0.9604     0.0000
 47   0     0.8942     1.0000     0.1058     0.9615     0.9615     0.0000
 48   0     5.4080     6.0000     0.5920     3.9294     3.9291     0.0003
 49   0     6.2803     6.0000    -0.2803     4.1932     4.1927     0.0005
 50   0     6.0999     6.0000    -0.0999     4.0995     4.0994     0.0001
 51   0     6.1244     6.0000    -0.1244     4.0762     4.0756     0.0006
 52   0     6.1001     6.0000    -0.1001     4.0956     4.0955     0.0001
 53   0     6.2766     6.0000    -0.2766     4.1976     4.1971     0.0005
 54   0     0.8937     1.0000     0.1063     0.9582     0.9582     0.0000
 55   0     0.8945     1.0000     0.1055     0.9616     0.9616     0.0000
 56   0     0.8836     1.0000     0.1164     0.9610     0.9610     0.0000
 57   0     0.8809     1.0000     0.1191     0.9607     0.9607     0.0000
 58   0     0.8948     1.0000     0.1052     0.9614     0.9614     0.0000
      Bond orders larger than 0.1000000
           Atom A     A.N. of A          Atom B    A.N. of B              Bond order
                0             6               1            6                2.431250
                0             6              48            6                1.023425
                1             6               3            6                0.797868
                2             6               6            6                0.762981
                2             6              34            6                2.487477
                3             6               4            6                1.275342
                3             6               7            6                0.105172
                3             6               8            6                1.436371
                4             6               5            6                1.226445
                4             6               6            6                0.114791
                4             6              11            6                1.293032
                5             6               6            6                1.491840
                5             6               9            1                0.969739
                6             6               7            6                1.334221
                6             6               8            6                0.111019
                7             6               8            6                1.414055
                7             6              22            6                0.962225
                8             6              10            1                0.971071
               11             6              12            1                0.982684
               11             6              13            6                0.998229
               13             6              14            1                0.956298
               13             6              15            1                0.956039
               13             6              16            6                0.981972
               16             6              17            1                0.972525
               16             6              18            1                0.972182
               16             6              19            6                0.961737
               19             6              20            1                0.972913
               19             6              21            1                0.972978
               19             6              35            1                0.967516
               22             6              23            1                0.955589
               22             6              24            1                0.955823
               22             6              25            6                1.023535
               25             6              26            1                0.961537
               25             6              27            1                0.961625
               25             6              28            6                0.985888
               28             6              29            1                0.971938
               28             6              30            1                0.971939
               28             6              31            6                0.954527
               31             6              32            1                0.973247
               31             6              33            1                0.973246
               31             6              36            1                0.967371
               34             6              37            6                1.010716
               37             6              38            6                1.391188
               37             6              42            6                1.385222
               38             6              39            6                1.476862
               38             6              45            1                0.981993
               39             6              40            6                1.452330
               39             6              47            1                0.976027
               40             6              41            6                1.455223
               40             6              43            1                0.965774
               41             6              42            6                1.476456
               41             6              44            1                0.976964
               42             6              46            1                0.979910
               48             6              49            6                1.383367
               48             6              53            6                1.381363
               49             6              50            6                1.478252
               49             6              51            6                0.100905
               49             6              56            1                0.981115
               50             6              51            6                1.453040
               50             6              58            1                0.976865
               51             6              52            6                1.451229
               51             6              54            1                0.965708
               52             6              53            6                1.478175
               52             6              55            1                0.976216
               53             6              57            1                0.982163
# -----------------------------------------------------------
$ SCF_Electric_Properties
   description: The SCF Calculated Electric Properties
   geom. index: 6
   prop. index: 1
       Filename                          : opt_EPRII.scfp 
       Do Dipole Moment Calculation      : true 
       Do Quadrupole Moment Calculation  : false 
       Do Polarizability Calculation     : false 
** Dipole moment part of electric properties **
        Magnitude of dipole moment (Debye) :        0.3499683405
        Electronic Contribution:
                  0    
      0      -0.419074
      1       2.196737
      2       0.047340
        Nuclear Contribution:
                  0    
      0       0.554070
      1      -2.169665
      2      -0.047967
        Total Dipole moment:
                  0    
      0       0.134996
      1       0.027072
      2      -0.000626
# -------------------------------------------------------------
----------------------- !GEOMETRIES! ------------------------
# -------------------------------------------------------------
------------------------ !GEOMETRY! -------------------------
    Number of atoms:    59 
    Geometry Index:     1 
    Coordinates:
               0 C     -4.058780359529   -0.114026658451   -0.000729391679
               1 C     -2.837066638288   -0.037216999618    0.000457686302
               2 C      2.839455806561    0.025128438507    0.001302827319
               3 C     -1.417729859725    0.016650675728    0.000203701689
               4 C     -0.712127730090    1.278604420412   -0.003268526140
               5 C      0.709687155590    1.211982754516   -0.002475203038
               6 C      1.411297860539    0.003548535669    0.000975269136
               7 C      0.702255351524   -1.241266348505    0.003982720498
               8 C     -0.691408350873   -1.190779078368    0.003621087242
               9 H      1.285445276156    2.137756661659   -0.004761787681
              10 H     -1.264663170129   -2.117692909610    0.006029523243
              11 C     -1.396748607021    2.512533893229   -0.007529781588
              12 H     -2.489374016857    2.477378637660   -0.008222114688
              13 C     -0.740034023251    3.860789647408   -0.011242932944
              14 H     -0.071951797015    3.959921302156    0.869257379763
              15 H     -0.065382859164    3.951891686330   -0.887543897561
              16 C     -1.737595434544    5.026484882827   -0.020436249148
              17 H     -2.392913383705    4.932400603345   -0.905599986404
              18 H     -2.399942116838    4.940502557123    0.860320775418
              19 C     -1.059046705300    6.397666107946   -0.024025582464
              20 H     -0.415065416382    6.523868602125   -0.911556354801
              21 H     -0.422197934298    6.532067304994    0.867440350808
              22 C      1.476339360605   -2.542840490050    0.007434421300
              23 H      2.155053372717   -2.543120315571   -0.866125963344
              24 H      2.153684950913   -2.539370964068    0.882056489256
              25 C      0.658132292811   -3.836795711992    0.009520684128
              26 H     -0.005723241424   -3.860158607504    0.893278815466
              27 H     -0.004354753576   -3.863766109212   -0.875166228593
              28 C      1.539543203250   -5.091841216668    0.012796078698
              29 H      2.206454945536   -5.070185235205   -0.869111392578
              30 H      2.204866459243   -5.066715835180    0.895810148910
              31 C      0.733887025672   -6.393510973133    0.014636641868
              32 H      0.084970132850   -6.463881699284   -0.875410338582
              33 H      0.082960151828   -6.460114631732    0.903503563710
              34 C      4.061356041743    0.051700403584    0.002498297503
              35 H     -1.799215879495    7.213950256082   -0.030767345141
              36 H      1.392930416004   -7.276874004070    0.017251985660
              37 C      5.489033374808    0.088670643806    0.002622161775
              38 C      6.175837466349    1.322543067610    0.001416236704
              39 C      7.570007756013    1.354492446468    0.001415792065
              40 C      8.304589180310    0.163225327390    0.002632513356
              41 C      7.634081811894   -1.065321499644    0.003864460502
              42 C      6.240226222735   -1.107099780946    0.003877633519
              43 H      9.396716391135    0.192184570413    0.002616699185
              44 H      8.202215294909   -1.998703137280    0.004809811710
              45 H      5.600673198939    2.250353497400    0.000472602014
              46 H      5.715228890881   -2.064210741145    0.004814769224
              47 H      8.088008380080    2.316597109935    0.000460516212
              48 C     -5.481361037116   -0.217166753936   -0.000791883139
              49 C     -6.291506287882    0.940362337478   -0.001962406435
              50 C     -7.681432140472    0.829777017049   -0.001872669307
              51 C     -8.291180338559   -0.430157053276   -0.000631875590
              52 C     -7.498648033736   -1.583950783808    0.000527546317
              53 C     -6.108081110469   -1.483700685560    0.000445746938
              54 H     -9.380564555380   -0.512686875064   -0.000545131076
              55 H     -7.968746171856   -2.570376779750    0.001497658692
              56 H     -5.815245752046    1.922629122076   -0.002860578347
              57 H     -5.488129122857   -2.382217532473    0.001344641246
              58 H     -8.294682593715    1.734188860177   -0.002759007109
------------------------ !GEOMETRY! -------------------------
    Number of atoms:    59 
    Geometry Index:     2 
    Coordinates:
               0 C     -4.063741787831   -0.114246196313   -0.000699849435
               1 C     -2.839037660695   -0.039327718318    0.000509746843
               2 C      2.846556528056    0.026240818234    0.001408713377
               3 C     -1.417363981358    0.014185059947    0.000314037631
               4 C     -0.711653787724    1.278761375211   -0.003105441427
               5 C      0.713002420152    1.214479395226   -0.002287729821
               6 C      1.416150317822    0.003827953090    0.001134411630
               7 C      0.707072427603   -1.244162691136    0.004098968799
               8 C     -0.689431669022   -1.195332633715    0.003706060218
               9 H      1.284277906969    2.136446040783   -0.004560073798
              10 H     -1.258402915141   -2.118258779854    0.006058773826
              11 C     -1.400856727485    2.514018898054   -0.007397834789
              12 H     -2.487412941654    2.476960554417   -0.008118576713
              13 C     -0.746546251713    3.867642805756   -0.010980620674
              14 H     -0.084540669758    3.969013819485    0.865235871784
              15 H     -0.077185968270    3.960887557515   -0.882448820145
              16 C     -1.749870197375    5.033247692731   -0.020753632186
              17 H     -2.399826868905    4.938673591949   -0.901071184002
              18 H     -2.407691725491    4.946822027729    0.854561726852
              19 C     -1.072831597225    6.410314008092   -0.024105518972
              20 H     -0.433154848616    6.536622108221   -0.905679842609
              21 H     -0.441074410079    6.544822797158    0.861957483451
              22 C      1.483680897953   -2.547952942823    0.007559982528
              23 H      2.157413703799   -2.548926137710   -0.861742897970
              24 H      2.155954576957   -2.545250948706    0.877997185078
              25 C      0.662133250919   -3.843995253253    0.009558191735
              26 H      0.002587607584   -3.867168025804    0.888336090219
              27 H      0.004048969676   -3.870695919978   -0.870219204352
              28 C      1.543849456190   -5.103304936942    0.012845736853
              29 H      2.206102563944   -5.083215802411   -0.863994773144
              30 H      2.204409290696   -5.079836016484    0.890878158488
              31 C      0.734004931107   -6.407811689204    0.014585642175
              32 H      0.089475983456   -6.476034911940   -0.869754037610
              33 H      0.087357414847   -6.472353167062    0.897653191043
              34 C      4.071276739006    0.051928652730    0.002548173103
              35 H     -1.810495221481    7.219746840346   -0.031173405107
              36 H      1.387598643283   -7.286796338593    0.017198389943
              37 C      5.502145630737    0.088236330308    0.002617142009
              38 C      6.190796741622    1.325404405082    0.001448630282
              39 C      7.589090759630    1.357265717643    0.001370735232
              40 C      8.326066467193    0.161990849643    0.002469366722
              41 C      7.652501933662   -1.070223378655    0.003658768557
              42 C      6.254463277986   -1.111267609676    0.003746164563
              43 H      9.412632473739    0.190439016153    0.002394072199
              44 H      8.217314017393   -1.999069996946    0.004505332578
              45 H      5.618589849872    2.248682656009    0.000596246658
              46 H      5.731586102571   -2.063314127641    0.004641594084
              47 H      8.104751828995    2.314280529816    0.000448019200
              48 C     -5.489704913574   -0.215071134490   -0.000794423890
              49 C     -6.299279671990    0.947402724074   -0.002107775233
              50 C     -7.693548386419    0.839587503153   -0.002049025675
              51 C     -8.308118841875   -0.423227915475   -0.000699969843
              52 C     -7.514857597005   -1.582189732702    0.000586327704
              53 C     -6.120013785303   -1.484034535827    0.000533197838
              54 H     -9.392100417391   -0.503283783584   -0.000641899761
              55 H     -7.984428192325   -2.562676513148    0.001636829523
              56 H     -5.823218909433    1.923718368139   -0.003105183723
              57 H     -5.504624941247   -2.379105727229    0.001531357620
              58 H     -8.301839477034    1.740586428928   -0.003037989466
------------------------ !GEOMETRY! -------------------------
    Number of atoms:    59 
    Geometry Index:     3 
    Coordinates:
               0 C     -4.063622027040   -0.115260666677   -0.000551614586
               1 C     -2.838345377751   -0.041739938793    0.000625440887
               2 C      2.848426449939    0.027922929715    0.001537512477
               3 C     -1.416164057089    0.012059495005    0.000431549839
               4 C     -0.711431454727    1.277511476317   -0.002924043261
               5 C      0.713827318473    1.215859192672   -0.002090713344
               6 C      1.417522506942    0.004826267876    0.001265043254
               7 C      0.709687492341   -1.244250858991    0.004158771650
               8 C     -0.687516698463   -1.197673052919    0.003767059315
               9 H      1.283391702479    2.138565150797   -0.004315579681
              10 H     -1.254857193432   -2.121257066947    0.006069545745
              11 C     -1.403091688382    2.512226865060   -0.007219753852
              12 H     -2.489229013846    2.474405910688   -0.008000120928
              13 C     -0.748753385097    3.867463366244   -0.010695950809
              14 H     -0.089699631610    3.970143395641    0.866381115987
              15 H     -0.081184489497    3.961630566223   -0.882216042380
              16 C     -1.755967164388    5.031592604516   -0.021402913451
              17 H     -2.403586319869    4.936802843446   -0.902421227193
              18 H     -2.412688635259    4.945297710107    0.853749760211
              19 C     -1.078435844081    6.410579407596   -0.024547061186
              20 H     -0.439027373743    6.535822441341   -0.905698646963
              21 H     -0.448131717008    6.544323517116    0.861901523479
              22 C      1.488291451786   -2.547975956616    0.007559584062
              23 H      2.160046661705   -2.549353334016   -0.862237639612
              24 H      2.158492003894   -2.545814899930    0.878563059783
              25 C      0.663454364285   -3.843589718507    0.009403722397
              26 H      0.005319066374   -3.866537563540    0.888286873647
              27 H      0.006878614326   -3.869922799534   -0.870555110209
              28 C      1.545983549395   -5.104073965881    0.012636916582
              29 H      2.206664489779   -5.085186564194   -0.864409974976
              30 H      2.204855457334   -5.081963552057    0.890967773109
              31 C      0.732488550601   -6.408563726144    0.014202999293
              32 H      0.088746029545   -6.474288498966   -0.870145027348
              33 H      0.086499341634   -6.470755496816    0.897166202830
              34 C      4.073653828204    0.052513002249    0.002661045532
              35 H     -1.817035375467    7.218455089930   -0.032239916773
              36 H      1.385040361494   -7.287665179992    0.016786813263
              37 C      5.505202864458    0.087986751240    0.002726440283
              38 C      6.194155446334    1.325709619869    0.001718101140
              39 C      7.593375975573    1.356888821952    0.001639485451
              40 C      8.330466052952    0.160344500669    0.002579968387
              41 C      7.655606700170   -1.072459052451    0.003614712965
              42 C      6.256615515591   -1.112800720731    0.003702252969
              43 H      9.416658710254    0.188246318077    0.002504900091
              44 H      8.219836877030   -2.001233238021    0.004340592734
              45 H      5.622435602189    2.248893385568    0.000989351939
              46 H      5.733322364896   -2.064238147024    0.004479002717
              47 H      8.109468468130    2.313259398101    0.000839105293
              48 C     -5.490378815097   -0.214457469626   -0.000618174725
              49 C     -6.298191585105    0.949980783280   -0.001961130941
              50 C     -7.693516962122    0.843925616414   -0.001869626451
              51 C     -8.310288186631   -0.419088542328   -0.000458097798
              52 C     -7.517763995055   -1.579933186109    0.000859075501
              53 C     -6.121880025391   -1.483510917052    0.000775882894
              54 H     -9.393983708095   -0.497769554238   -0.000376365804
              55 H     -7.988563243349   -2.559425677053    0.001958939863
              56 H     -5.820844840060    1.925290499968   -0.003012796864
              57 H     -5.507656148779   -2.378971930049    0.001798308699
              58 H     -8.300540511675    1.745336307524   -0.002880295135
------------------------ !GEOMETRY! -------------------------
    Number of atoms:    59 
    Geometry Index:     4 
    Coordinates:
               0 C     -4.063483336954   -0.115727307043   -0.000275505311
               1 C     -2.838083709449   -0.043683776394    0.000845106783
               2 C      2.848391153705    0.029552202585    0.001767446316
               3 C     -1.415758235116    0.010551978258    0.000638875562
               4 C     -0.712053609665    1.276531668271   -0.002663881902
               5 C      0.713343089948    1.216968296868   -0.001803440213
               6 C      1.417319685306    0.005941674977    0.001479073317
               7 C      0.710808677902   -1.243741380533    0.004262601304
               8 C     -0.686660524374   -1.199001800986    0.003884428489
               9 H      1.281616609920    2.140461749438   -0.003950352759
              10 H     -1.252817175326   -2.123271738255    0.006119827469
              11 C     -1.405404800394    2.510596849907   -0.006954067252
              12 H     -2.491503703399    2.472412832438   -0.007749580519
              13 C     -0.750876483432    3.866591435026   -0.010346130684
              14 H     -0.094305481124    3.970283087545    0.868227722501
              15 H     -0.084213912184    3.961145627341   -0.882258931229
              16 C     -1.760558650029    5.029493356329   -0.022383616940
              17 H     -2.406156763191    4.934540770118   -0.904733702081
              18 H     -2.416935669232    4.943625339812    0.852939143336
              19 C     -1.082582307519    6.409423873588   -0.025332403010
              20 H     -0.442823745873    6.533357744696   -0.906388155383
              21 H     -0.453530115506    6.542386362321    0.862096713367
              22 C      1.491506133761   -2.546971685118    0.007535671911
              23 H      2.161946653464   -2.548082763102   -0.863073066996
              24 H      2.160282253473   -2.544784599732    0.879432023910
              25 C      0.665961503083   -3.843039995067    0.009142469259
              26 H      0.008873118212   -3.866744319878    0.888629296983
              27 H      0.010520738152   -3.869859957813   -0.871488888869
              28 C      1.550381232738   -5.103038074758    0.012222264031
              29 H      2.209968234068   -5.084244862869   -0.865511125861
              30 H      2.208049344252   -5.081310159360    0.891325960164
              31 C      0.735887249212   -6.408107258906    0.013520065829
              32 H      0.092672013457   -6.472369243006   -0.871304569401
              33 H      0.090302918941   -6.469121625684    0.896846763645
              34 C      4.073686862205    0.052612372056    0.002884393505
              35 H     -1.822157474156    7.216476275840   -0.033929478842
              36 H      1.389088774420   -7.286783954955    0.016004562667
              37 C      5.505446470255    0.086916802838    0.002961502335
              38 C      6.194893836130    1.324363888769    0.001898944633
              39 C      7.594305209251    1.354366747976    0.001827385281
              40 C      8.330612995945    0.157069953038    0.002827393813
              41 C      7.654649192958   -1.075379428233    0.003914043352
              42 C      6.255451999824   -1.114714218123    0.003994381731
              43 H      9.416861279011    0.184134476853    0.002756977230
              44 H      8.218350177741   -2.004545297758    0.004684675419
              45 H      5.623805399103    2.247959675806    0.001123130069
              46 H      5.731397064181   -2.065754674187    0.004810572096
              47 H      8.111381736591    2.310276675804    0.000985782274
              48 C     -5.490556091565   -0.213331336151   -0.000293308808
              49 C     -6.296467356510    0.952404093972   -0.001400879727
              50 C     -7.692089444017    0.847996757067   -0.001264144756
              51 C     -8.310519123441   -0.414454969321   -0.000042726647
              52 C     -7.519282797930   -1.576448705284    0.001037566043
              53 C     -6.123099173208   -1.481847295516    0.000909234056
              54 H     -9.394343333758   -0.491834970607    0.000073732728
              55 H     -7.991545393437   -2.555305280296    0.001988393985
              56 H     -5.817821780953    1.927098814167   -0.002307569099
              57 H     -5.509883229480   -2.378023670594    0.001748288333
              58 H     -8.298209835987    1.750084925823   -0.002090277441
------------------------ !GEOMETRY! -------------------------
    Number of atoms:    59 
    Geometry Index:     5 
    Coordinates:
               0 C     -4.063395582613   -0.115936628933    0.000020340915
               1 C     -2.838016945850   -0.044962785658    0.001056836115
               2 C      2.847977298005    0.030691040007    0.002010255077
               3 C     -1.415715513875    0.009746038149    0.000808024713
               4 C     -0.712720028453    1.276002959290   -0.002419875424
               5 C      0.712652595528    1.217464613710   -0.001507927739
               6 C      1.416889320479    0.006645132893    0.001682910378
               7 C      0.711179786578   -1.243288984988    0.004333369672
               8 C     -0.686304937335   -1.199489747421    0.003963830158
               9 H      1.280237571569    2.141403476399   -0.003552150923
              10 H     -1.251851613090   -2.124180758262    0.006129599875
              11 C     -1.406857771472    2.509659293241   -0.006711763181
              12 H     -2.492968248839    2.471325307235   -0.007532550520
              13 C     -0.752417158741    3.865893981100   -0.010003829490
              14 H     -0.097472879715    3.970209213900    0.869736772347
              15 H     -0.085584708071    3.960360107949   -0.881808052508
              16 C     -1.762870490814    5.028289349415   -0.023560907027
              17 H     -2.407013588150    4.933076336066   -0.906991869903
              18 H     -2.419696000459    4.942848954237    0.851518469467
              19 C     -1.084899574453    6.408534645129   -0.026305076798
              20 H     -0.444417537507    6.531628204554   -0.907012566994
              21 H     -0.456962873532    6.541289576075    0.862004898872
              22 C      1.492925513936   -2.546080255411    0.007468367815
              23 H      2.162859662678   -2.546798272751   -0.863543685542
              24 H      2.161078020190   -2.543763096020    0.879857020140
              25 C      0.667890948933   -3.842667943860    0.008821352395
              26 H      0.011260610541   -3.867090092565    0.888674325033
              27 H      0.012980032721   -3.869900476047   -0.872235184324
              28 C      1.553402967956   -5.102030458636    0.011717205061
              29 H      2.212546594913   -5.082937942676   -0.866394701365
              30 H      2.210539648673   -5.080320755619    0.891270532384
              31 C      0.739206883856   -6.407596332589    0.012736563041
              32 H      0.096272524605   -6.471326440471   -0.872391848129
              33 H      0.093811758250   -6.468400517770    0.896277371887
              34 C      4.073222604457    0.052514488444    0.003139320470
              35 H     -1.824976927783    7.215208174111   -0.035956768437
              36 H      1.393146763767   -7.285803993564    0.015093734440
              37 C      5.505019439198    0.086038724932    0.003252972014
              38 C      6.194945149789    1.323092645278    0.002571866660
              39 C      7.594279632435    1.352244948075    0.002537039205
              40 C      8.329844612909    0.154642440083    0.003193480725
              41 C      7.653296031458   -1.077329091516    0.003901319685
              42 C      6.254164108920   -1.115979965472    0.003945768035
              43 H      9.416170282771    0.181121292769    0.003151152016
              44 H      8.216669316124   -2.006781828247    0.004405824465
              45 H      5.624327328810    2.247040586764    0.002061097440
              46 H      5.729605219373   -2.066804528639    0.004470037798
              47 H      8.112080866814    2.307846612833    0.001990813749
              48 C     -5.490555869419   -0.212562812326    0.000087045554
              49 C     -6.295368520055    0.953783271653   -0.001000973129
              50 C     -7.690976378858    0.850372773626   -0.000758970759
              51 C     -8.310267695075   -0.411506230708    0.000550405320
              52 C     -7.520013860294   -1.574004766309    0.001612413812
              53 C     -6.123842602299   -1.480564159965    0.001379711669
              54 H     -9.394213075663   -0.488086913612    0.000751046042
              55 H     -7.993233150332   -2.552480951650    0.002633203180
              56 H     -5.815958956542    1.928161294049   -0.001969730278
              57 H     -5.511272401429   -2.377241637475    0.002210294717
              58 H     -8.296599855518    1.752884847195   -0.001567549872
------------------------ !GEOMETRY! -------------------------
    Number of atoms:    59 
    Geometry Index:     6 
    Coordinates:
               0 C     -4.063410640183   -0.116031054390    0.000381337500
               1 C     -2.838030749865   -0.045851493360    0.001358918937
               2 C      2.847796016837    0.031501939697    0.002314055984
               3 C     -1.415755397693    0.009273707733    0.001096618882
               4 C     -0.713197343764    1.275735237113   -0.002064880162
               5 C      0.712164761630    1.217649563109   -0.001116425882
               6 C      1.416712846427    0.007055238535    0.001976297895
               7 C      0.711436149763   -1.243044294108    0.004484349777
               8 C     -0.686037307660   -1.199692517910    0.004133852277
               9 H      1.279389411912    2.141816514251   -0.003061478708
              10 H     -1.251248841961   -2.124613919489    0.006213501554
              11 C     -1.407695078850    2.509167141798   -0.006354961304
              12 H     -2.493809736554    2.470704102212   -0.007172672220
              13 C     -0.753515140070    3.865508736908   -0.009553036606
              14 H     -0.099755914702    3.970330209858    0.871049930028
              15 H     -0.085895744982    3.959684012573   -0.880810021352
              16 C     -1.764098800125    5.027727859772   -0.024790185735
              17 H     -2.407066999596    4.932102157225   -0.909064869765
              18 H     -2.421827350569    4.942655909954    0.849684456072
              19 C     -1.086359031310    6.408105916023   -0.027337177484
              20 H     -0.444945791656    6.530732414743   -0.907455077969
              21 H     -0.459508954773    6.541122619401    0.861724575030
              22 C      1.493588734795   -2.545562452246    0.007442828463
              23 H      2.163440424007   -2.545935090054   -0.863659864086
              24 H      2.161559999559   -2.543208367812    0.879998293401
              25 C      0.669127434575   -3.842481726797    0.008516503664
              26 H      0.012618502247   -3.867388483325    0.888486233355
              27 H      0.014369150755   -3.869833442103   -0.872689438856
              28 C      1.555056781912   -5.101487965775    0.011166313632
              29 H      2.214101648329   -5.082052315250   -0.867049884644
              30 H      2.212054842702   -5.079807490741    0.890861319862
              31 C      0.741313232679   -6.407351284252    0.011888514734
              32 H      0.098484915339   -6.470913147799   -0.873352531134
              33 H      0.095990839778   -6.468370991306    0.895491080269
              34 C      4.073016446216    0.052379259014    0.003429972654
              35 H     -1.826669421438    7.214570514564   -0.038164211291
              36 H      1.395680456676   -7.285258277334    0.014066931344
              37 C      5.504808245911    0.085474599384    0.003548238225
              38 C      6.195097758743    1.322267086477    0.002863048803
              39 C      7.594370309618    1.350943658203    0.002826353693
              40 C      8.329482889305    0.153178610295    0.003481927718
              41 C      7.652616536075   -1.078498402689    0.004191610936
              42 C      6.253539243418   -1.116732808845    0.004239141266
              43 H      9.415843371093    0.179316704679    0.003436557104
              44 H      8.215781330547   -2.008107495337    0.004693437346
              45 H      5.624765260638    2.246411427710    0.002350365192
              46 H      5.728700957914   -2.067422583981    0.004763562799
              47 H      8.112574644762    2.306356188439    0.002279041667
              48 C     -5.490595232580   -0.212093725495    0.000500249845
              49 C     -6.294857402307    0.954566657193   -0.000326992036
              50 C     -7.690441060363    0.851753216164   -0.000036739624
              51 C     -8.310216413557   -0.409774256947    0.001059706625
              52 C     -7.520554421776   -1.572551823428    0.001856650301
              53 C     -6.124408417896   -1.479766556538    0.001574444991
              54 H     -9.394221430682   -0.485886831626    0.001298655428
              55 H     -7.994313112411   -2.550796145134    0.002709195015
              56 H     -5.815023016941    1.928755558750   -0.001132968247
              57 H     -5.512229084605   -2.376732353307    0.002198960905
              58 H     -8.295756955295    1.754502495600   -0.000643006070
