-------------------------------------------------------------
----------------------- !PROPERTIES! ------------------------
-------------------------------------------------------------
# -----------------------------------------------------------
$ PAL_Flags
   description: The PAL Flags
   geom. index: 1
   prop. index: 1
        Diskflag:     2
# -----------------------------------------------------------
$ SCF_Energy
   description: The SCF energy
   geom. index: 1
   prop. index: 1
        SCF Energy:    -1159.8365145291
# -----------------------------------------------------------
$ DFT_Energy
   description: The DFT energy
   geom. index: 1
   prop. index: 1
   Number of Alpha Electrons                105.0001551518 
   Number of Beta  Electrons                104.0001471237 
   Total number of  Electrons               209.0003022755 
   Exchange energy                         -131.4919415141 
   Correlation energy                        -8.1612194682 
   Correlation energy NL                      0.0000000000 
   Exchange-Correlation energy             -139.6531609823 
   Embedding correction                       0.0000000000 
   Total DFT Energy (No VdW correction)   -1159.8365145291 
# -----------------------------------------------------------
$ Mayer_Pop
   description: The Mayer population analysis
   geom. index: 1
   prop. index: 1
     Number of atoms                     : 59
     Threshold for printing              : 0.1000000
     Number of bond orders printed       : 63
  NA   - Mulliken gross atomic population
  ZA   - Total nuclear charge
  QA   - Mulliken gross atomic charge
  VA   - Mayer's total valence
  BVA  - Mayer's bonded valence
  FA   - Mayer's free valence
  ATOM       NA         ZA         QA         VA         BVA        FA
  0   0     5.8599     6.0000     0.1401     2.6171     2.6111     0.0060
  1   0     5.7183     6.0000     0.2817     2.4660     2.4638     0.0022
  2   0     5.7293     6.0000     0.2707     2.5192     2.5186     0.0006
  3   0     6.1787     6.0000    -0.1787     3.7512     3.7171     0.0341
  4   0     5.9279     6.0000     0.0721     4.1405     4.1255     0.0150
  5   0     6.0280     6.0000    -0.0280     3.8705     3.8359     0.0346
  6   0     6.1433     6.0000    -0.1433     3.8259     3.8189     0.0070
  7   0     6.0866     6.0000    -0.0866     4.1463     4.1095     0.0368
  8   0     5.9912     6.0000     0.0088     3.9056     3.8976     0.0080
  9   0     1.0544     1.0000    -0.0544     1.0031     1.0030     0.0001
 10   0     1.0557     1.0000    -0.0557     1.0036     1.0036     0.0000
 11   0     6.1003     6.0000    -0.1003     3.9300     3.5663     0.3637
 12   0     1.0265     1.0000    -0.0265     1.0085     1.0073     0.0012
 13   0     5.9651     6.0000     0.0349     4.0098     4.0084     0.0014
 14   0     0.9711     1.0000     0.0289     0.9626     0.9615     0.0011
 15   0     0.9710     1.0000     0.0290     0.9626     0.9615     0.0011
 16   0     6.0387     6.0000    -0.0387     4.1313     4.1313     0.0000
 17   0     0.9878     1.0000     0.0122     0.9641     0.9641     0.0000
 18   0     0.9878     1.0000     0.0122     0.9640     0.9640     0.0000
 19   0     5.9933     6.0000     0.0067     4.0162     4.0162     0.0000
 20   0     0.9826     1.0000     0.0174     0.9775     0.9775     0.0000
 21   0     0.9826     1.0000     0.0174     0.9775     0.9775     0.0000
 22   0     5.9600     6.0000     0.0400     4.0305     4.0303     0.0002
 23   0     0.9683     1.0000     0.0317     0.9689     0.9688     0.0001
 24   0     0.9683     1.0000     0.0317     0.9689     0.9688     0.0001
 25   0     6.0339     6.0000    -0.0339     4.1143     4.1143     0.0000
 26   0     0.9834     1.0000     0.0166     0.9630     0.9630     0.0000
 27   0     0.9834     1.0000     0.0166     0.9630     0.9630     0.0000
 28   0     6.0243     6.0000    -0.0243     4.1172     4.1172     0.0000
 29   0     0.9948     1.0000     0.0052     0.9674     0.9674     0.0000
 30   0     0.9948     1.0000     0.0052     0.9674     0.9674     0.0000
 31   0     5.9960     6.0000     0.0040     4.0169     4.0169     0.0000
 32   0     0.9830     1.0000     0.0170     0.9773     0.9773     0.0000
 33   0     0.9830     1.0000     0.0170     0.9773     0.9773     0.0000
 34   0     5.8730     6.0000     0.1270     2.6486     2.6473     0.0013
 35   0     0.9869     1.0000     0.0131     0.9732     0.9732     0.0000
 36   0     0.9877     1.0000     0.0123     0.9734     0.9734     0.0000
 37   0     6.2555     6.0000    -0.2555     3.9283     3.9282     0.0001
 38   0     5.9693     6.0000     0.0307     3.9947     3.9946     0.0001
 39   0     5.9591     6.0000     0.0409     3.9986     3.9986     0.0000
 40   0     5.9666     6.0000     0.0334     3.9988     3.9987     0.0001
 41   0     5.9596     6.0000     0.0404     3.9985     3.9985     0.0000
 42   0     5.9713     6.0000     0.0287     3.9933     3.9932     0.0001
 43   0     1.0277     1.0000    -0.0277     0.9687     0.9687     0.0000
 44   0     1.0277     1.0000    -0.0277     0.9684     0.9684     0.0000
 45   0     1.0408     1.0000    -0.0408     0.9836     0.9836     0.0000
 46   0     1.0398     1.0000    -0.0398     0.9832     0.9832     0.0000
 47   0     1.0276     1.0000    -0.0276     0.9684     0.9684     0.0000
 48   0     6.2588     6.0000    -0.2588     3.9300     3.9297     0.0003
 49   0     5.9743     6.0000     0.0257     3.9939     3.9934     0.0005
 50   0     5.9596     6.0000     0.0404     3.9988     3.9987     0.0001
 51   0     5.9670     6.0000     0.0330     3.9977     3.9971     0.0006
 52   0     5.9589     6.0000     0.0411     3.9988     3.9987     0.0001
 53   0     5.9693     6.0000     0.0307     3.9935     3.9930     0.0005
 54   0     1.0283     1.0000    -0.0283     0.9687     0.9687     0.0000
 55   0     1.0282     1.0000    -0.0282     0.9682     0.9682     0.0000
 56   0     1.0397     1.0000    -0.0397     0.9812     0.9812     0.0000
 57   0     1.0415     1.0000    -0.0415     0.9837     0.9837     0.0000
 58   0     1.0285     1.0000    -0.0285     0.9684     0.9684     0.0000
      Bond orders larger than 0.1000000
           Atom A     A.N. of A          Atom B    A.N. of B              Bond order
                0             6               1            6                1.710437
                0             6              48            6                0.933403
                1             6               3            6                0.874197
                1             6              48            6               -0.183325
                2             6               6            6                0.874774
                2             6              34            6                1.751929
                2             6              37            6               -0.177116
                3             6               4            6                1.277570
                3             6               8            6                1.399496
                4             6               5            6                1.289654
                4             6              11            6                1.381567
                5             6               6            6                1.449159
                5             6               9            1                0.917556
                6             6               7            6                1.343012
                7             6               8            6                1.427853
                7             6              22            6                1.095663
                8             6              10            1                0.919866
               11             6              12            1                0.898271
               11             6              13            6                1.084089
               13             6              14            1                0.911500
               13             6              15            1                0.911447
               13             6              16            6                1.071581
               16             6              17            1                0.943733
               16             6              18            1                0.943675
               16             6              19            6                1.106611
               19             6              20            1                0.965282
               19             6              21            1                0.965294
               19             6              35            1                0.960819
               22             6              23            1                0.895666
               22             6              24            1                0.895705
               22             6              25            6                1.104507
               25             6              26            1                0.929172
               25             6              27            1                0.929215
               25             6              28            6                1.074791
               28             6              29            1                0.940945
               28             6              30            1                0.940949
               28             6              31            6                1.106165
               31             6              32            1                0.966205
               31             6              33            1                0.966203
               31             6              36            1                0.961665
               34             6              37            6                0.930770
               37             6              38            6                1.442771
               37             6              42            6                1.438812
               38             6              39            6                1.470044
               38             6              45            1                0.940123
               39             6              40            6                1.444259
               39             6              47            1                0.937990
               40             6              41            6                1.443843
               40             6              43            1                0.943292
               41             6              42            6                1.470150
               41             6              44            1                0.938012
               42             6              46            1                0.940490
               48             6              49            6                1.436472
               48             6              53            6                1.439008
               49             6              50            6                1.471220
               49             6              56            1                0.940546
               50             6              51            6                1.442552
               50             6              58            1                0.937872
               51             6              52            6                1.442363
               51             6              54            1                0.943264
               52             6              53            6                1.472264
               52             6              55            1                0.937851
               53             6              57            1                0.939866
# -----------------------------------------------------------
$ PAL_Flags
   description: The PAL Flags
   geom. index: 2
   prop. index: 1
        Diskflag:     2
# -----------------------------------------------------------
$ SCF_Energy
   description: The SCF energy
   geom. index: 2
   prop. index: 1
        SCF Energy:    -1159.8365145829
# -----------------------------------------------------------
$ DFT_Energy
   description: The DFT energy
   geom. index: 2
   prop. index: 1
   Number of Alpha Electrons                105.0001551578 
   Number of Beta  Electrons                104.0001471409 
   Total number of  Electrons               209.0003022986 
   Exchange energy                         -131.4919482626 
   Correlation energy                        -8.1612220582 
   Correlation energy NL                      0.0000000000 
   Exchange-Correlation energy             -139.6531703208 
   Embedding correction                       0.0000000000 
   Total DFT Energy (No VdW correction)   -1159.8365145829 
# -----------------------------------------------------------
$ Mayer_Pop
   description: The Mayer population analysis
   geom. index: 2
   prop. index: 1
     Number of atoms                     : 59
     Threshold for printing              : 0.1000000
     Number of bond orders printed       : 63
  NA   - Mulliken gross atomic population
  ZA   - Total nuclear charge
  QA   - Mulliken gross atomic charge
  VA   - Mayer's total valence
  BVA  - Mayer's bonded valence
  FA   - Mayer's free valence
  ATOM       NA         ZA         QA         VA         BVA        FA
  0   0     5.8599     6.0000     0.1401     2.6171     2.6111     0.0060
  1   0     5.7183     6.0000     0.2817     2.4659     2.4637     0.0022
  2   0     5.7293     6.0000     0.2707     2.5192     2.5186     0.0006
  3   0     6.1787     6.0000    -0.1787     3.7512     3.7171     0.0341
  4   0     5.9280     6.0000     0.0720     4.1406     4.1256     0.0150
  5   0     6.0279     6.0000    -0.0279     3.8705     3.8359     0.0346
  6   0     6.1432     6.0000    -0.1432     3.8259     3.8189     0.0070
  7   0     6.0866     6.0000    -0.0866     4.1464     4.1096     0.0368
  8   0     5.9912     6.0000     0.0088     3.9056     3.8976     0.0080
  9   0     1.0544     1.0000    -0.0544     1.0031     1.0030     0.0001
 10   0     1.0557     1.0000    -0.0557     1.0036     1.0036     0.0000
 11   0     6.1003     6.0000    -0.1003     3.9300     3.5663     0.3637
 12   0     1.0265     1.0000    -0.0265     1.0085     1.0073     0.0012
 13   0     5.9651     6.0000     0.0349     4.0098     4.0084     0.0014
 14   0     0.9711     1.0000     0.0289     0.9626     0.9615     0.0011
 15   0     0.9710     1.0000     0.0290     0.9626     0.9615     0.0011
 16   0     6.0387     6.0000    -0.0387     4.1313     4.1313     0.0000
 17   0     0.9878     1.0000     0.0122     0.9641     0.9641     0.0000
 18   0     0.9878     1.0000     0.0122     0.9640     0.9640     0.0000
 19   0     5.9933     6.0000     0.0067     4.0162     4.0162     0.0000
 20   0     0.9826     1.0000     0.0174     0.9775     0.9775     0.0000
 21   0     0.9826     1.0000     0.0174     0.9775     0.9775     0.0000
 22   0     5.9600     6.0000     0.0400     4.0305     4.0303     0.0002
 23   0     0.9683     1.0000     0.0317     0.9689     0.9688     0.0001
 24   0     0.9683     1.0000     0.0317     0.9689     0.9688     0.0001
 25   0     6.0339     6.0000    -0.0339     4.1143     4.1143     0.0000
 26   0     0.9834     1.0000     0.0166     0.9630     0.9630     0.0000
 27   0     0.9834     1.0000     0.0166     0.9630     0.9630     0.0000
 28   0     6.0243     6.0000    -0.0243     4.1172     4.1172     0.0000
 29   0     0.9948     1.0000     0.0052     0.9674     0.9674     0.0000
 30   0     0.9948     1.0000     0.0052     0.9674     0.9674     0.0000
 31   0     5.9960     6.0000     0.0040     4.0169     4.0169     0.0000
 32   0     0.9830     1.0000     0.0170     0.9773     0.9773     0.0000
 33   0     0.9830     1.0000     0.0170     0.9773     0.9773     0.0000
 34   0     5.8730     6.0000     0.1270     2.6485     2.6472     0.0013
 35   0     0.9869     1.0000     0.0131     0.9732     0.9732     0.0000
 36   0     0.9877     1.0000     0.0123     0.9734     0.9734     0.0000
 37   0     6.2555     6.0000    -0.2555     3.9283     3.9282     0.0001
 38   0     5.9693     6.0000     0.0307     3.9947     3.9946     0.0001
 39   0     5.9591     6.0000     0.0409     3.9986     3.9986     0.0000
 40   0     5.9666     6.0000     0.0334     3.9988     3.9987     0.0001
 41   0     5.9596     6.0000     0.0404     3.9985     3.9985     0.0000
 42   0     5.9713     6.0000     0.0287     3.9933     3.9932     0.0001
 43   0     1.0277     1.0000    -0.0277     0.9687     0.9687     0.0000
 44   0     1.0277     1.0000    -0.0277     0.9684     0.9684     0.0000
 45   0     1.0408     1.0000    -0.0408     0.9836     0.9836     0.0000
 46   0     1.0398     1.0000    -0.0398     0.9832     0.9832     0.0000
 47   0     1.0276     1.0000    -0.0276     0.9684     0.9684     0.0000
 48   0     6.2588     6.0000    -0.2588     3.9300     3.9297     0.0003
 49   0     5.9743     6.0000     0.0257     3.9939     3.9934     0.0005
 50   0     5.9596     6.0000     0.0404     3.9988     3.9987     0.0001
 51   0     5.9670     6.0000     0.0330     3.9977     3.9971     0.0006
 52   0     5.9589     6.0000     0.0411     3.9989     3.9988     0.0001
 53   0     5.9693     6.0000     0.0307     3.9935     3.9930     0.0005
 54   0     1.0283     1.0000    -0.0283     0.9687     0.9687     0.0000
 55   0     1.0282     1.0000    -0.0282     0.9682     0.9682     0.0000
 56   0     1.0397     1.0000    -0.0397     0.9812     0.9812     0.0000
 57   0     1.0415     1.0000    -0.0415     0.9837     0.9837     0.0000
 58   0     1.0285     1.0000    -0.0285     0.9684     0.9684     0.0000
      Bond orders larger than 0.1000000
           Atom A     A.N. of A          Atom B    A.N. of B              Bond order
                0             6               1            6                1.710409
                0             6              48            6                0.933380
                1             6               3            6                0.874156
                1             6              48            6               -0.183313
                2             6               6            6                0.874759
                2             6              34            6                1.751910
                2             6              37            6               -0.177124
                3             6               4            6                1.277596
                3             6               8            6                1.399471
                4             6               5            6                1.289707
                4             6              11            6                1.381542
                5             6               6            6                1.449139
                5             6               9            1                0.917558
                6             6               7            6                1.343010
                7             6               8            6                1.427886
                7             6              22            6                1.095661
                8             6              10            1                0.919875
               11             6              12            1                0.898265
               11             6              13            6                1.084097
               13             6              14            1                0.911495
               13             6              15            1                0.911443
               13             6              16            6                1.071586
               16             6              17            1                0.943733
               16             6              18            1                0.943668
               16             6              19            6                1.106620
               19             6              20            1                0.965279
               19             6              21            1                0.965291
               19             6              35            1                0.960817
               22             6              23            1                0.895669
               22             6              24            1                0.895706
               22             6              25            6                1.104504
               25             6              26            1                0.929169
               25             6              27            1                0.929211
               25             6              28            6                1.074802
               28             6              29            1                0.940939
               28             6              30            1                0.940943
               28             6              31            6                1.106176
               31             6              32            1                0.966203
               31             6              33            1                0.966201
               31             6              36            1                0.961662
               34             6              37            6                0.930745
               37             6              38            6                1.442775
               37             6              42            6                1.438817
               38             6              39            6                1.470048
               38             6              45            1                0.940126
               39             6              40            6                1.444261
               39             6              47            1                0.937988
               40             6              41            6                1.443837
               40             6              43            1                0.943293
               41             6              42            6                1.470155
               41             6              44            1                0.938012
               42             6              46            1                0.940490
               48             6              49            6                1.436457
               48             6              53            6                1.439028
               49             6              50            6                1.471222
               49             6              56            1                0.940544
               50             6              51            6                1.442549
               50             6              58            1                0.937872
               51             6              52            6                1.442363
               51             6              54            1                0.943264
               52             6              53            6                1.472273
               52             6              55            1                0.937848
               53             6              57            1                0.939867
# -----------------------------------------------------------
$ SCF_Electric_Properties
   description: The SCF Calculated Electric Properties
   geom. index: 2
   prop. index: 1
       Filename                          : opt_cc-pVDZ.scfp 
       Do Dipole Moment Calculation      : true 
       Do Quadrupole Moment Calculation  : false 
       Do Polarizability Calculation     : false 
** Dipole moment part of electric properties **
        Magnitude of dipole moment (Debye) :        0.3325705875
        Electronic Contribution:
                  0    
      0      -0.506640
      1       2.183622
      2       0.025714
        Nuclear Contribution:
                  0    
      0       0.636143
      1      -2.164969
      2      -0.026226
        Total Dipole moment:
                  0    
      0       0.129503
      1       0.018653
      2      -0.000512
# -------------------------------------------------------------
----------------------- !GEOMETRIES! ------------------------
# -------------------------------------------------------------
------------------------ !GEOMETRY! -------------------------
    Number of atoms:    59 
    Geometry Index:     1 
    Coordinates:
               0 C     -4.058780359529   -0.114026658451   -0.000729391679
               1 C     -2.837066638288   -0.037216999618    0.000457686302
               2 C      2.839455806561    0.025128438507    0.001302827319
               3 C     -1.417729859725    0.016650675728    0.000203701689
               4 C     -0.712127730090    1.278604420412   -0.003268526140
               5 C      0.709687155590    1.211982754516   -0.002475203038
               6 C      1.411297860539    0.003548535669    0.000975269136
               7 C      0.702255351524   -1.241266348505    0.003982720498
               8 C     -0.691408350873   -1.190779078368    0.003621087242
               9 H      1.285445276156    2.137756661659   -0.004761787681
              10 H     -1.264663170129   -2.117692909610    0.006029523243
              11 C     -1.396748607021    2.512533893229   -0.007529781588
              12 H     -2.489374016857    2.477378637660   -0.008222114688
              13 C     -0.740034023251    3.860789647408   -0.011242932944
              14 H     -0.071951797015    3.959921302156    0.869257379763
              15 H     -0.065382859164    3.951891686330   -0.887543897561
              16 C     -1.737595434544    5.026484882827   -0.020436249148
              17 H     -2.392913383705    4.932400603345   -0.905599986404
              18 H     -2.399942116838    4.940502557123    0.860320775418
              19 C     -1.059046705300    6.397666107946   -0.024025582464
              20 H     -0.415065416382    6.523868602125   -0.911556354801
              21 H     -0.422197934298    6.532067304994    0.867440350808
              22 C      1.476339360605   -2.542840490050    0.007434421300
              23 H      2.155053372717   -2.543120315571   -0.866125963344
              24 H      2.153684950913   -2.539370964068    0.882056489256
              25 C      0.658132292811   -3.836795711992    0.009520684128
              26 H     -0.005723241424   -3.860158607504    0.893278815466
              27 H     -0.004354753576   -3.863766109212   -0.875166228593
              28 C      1.539543203250   -5.091841216668    0.012796078698
              29 H      2.206454945536   -5.070185235205   -0.869111392578
              30 H      2.204866459243   -5.066715835180    0.895810148910
              31 C      0.733887025672   -6.393510973133    0.014636641868
              32 H      0.084970132850   -6.463881699284   -0.875410338582
              33 H      0.082960151828   -6.460114631732    0.903503563710
              34 C      4.061356041743    0.051700403584    0.002498297503
              35 H     -1.799215879495    7.213950256082   -0.030767345141
              36 H      1.392930416004   -7.276874004070    0.017251985660
              37 C      5.489033374808    0.088670643806    0.002622161775
              38 C      6.175837466349    1.322543067610    0.001416236704
              39 C      7.570007756013    1.354492446468    0.001415792065
              40 C      8.304589180310    0.163225327390    0.002632513356
              41 C      7.634081811894   -1.065321499644    0.003864460502
              42 C      6.240226222735   -1.107099780946    0.003877633519
              43 H      9.396716391135    0.192184570413    0.002616699185
              44 H      8.202215294909   -1.998703137280    0.004809811710
              45 H      5.600673198939    2.250353497400    0.000472602014
              46 H      5.715228890881   -2.064210741145    0.004814769224
              47 H      8.088008380080    2.316597109935    0.000460516212
              48 C     -5.481361037116   -0.217166753936   -0.000791883139
              49 C     -6.291506287882    0.940362337478   -0.001962406435
              50 C     -7.681432140472    0.829777017049   -0.001872669307
              51 C     -8.291180338559   -0.430157053276   -0.000631875590
              52 C     -7.498648033736   -1.583950783808    0.000527546317
              53 C     -6.108081110469   -1.483700685560    0.000445746938
              54 H     -9.380564555380   -0.512686875064   -0.000545131076
              55 H     -7.968746171856   -2.570376779750    0.001497658692
              56 H     -5.815245752046    1.922629122076   -0.002860578347
              57 H     -5.488129122857   -2.382217532473    0.001344641246
              58 H     -8.294682593715    1.734188860177   -0.002759007109
------------------------ !GEOMETRY! -------------------------
    Number of atoms:    59 
    Geometry Index:     2 
    Coordinates:
               0 C     -4.058801936928   -0.113742743738   -0.000638084105
               1 C     -2.837081585015   -0.037011576517    0.000595650487
               2 C      2.839441729201    0.025200249233    0.001407739708
               3 C     -1.417736123355    0.016707604057    0.000439927316
               4 C     -0.712103518791    1.278664463719   -0.002988915557
               5 C      0.709695598103    1.212125651015   -0.002239234331
               6 C      1.411277965199    0.003685137884    0.001143514072
               7 C      0.702218147423   -1.241143229900    0.004102714352
               8 C     -0.691439019775   -1.190737720624    0.003774777613
               9 H      1.285373079083    2.137947387510   -0.004500677387
              10 H     -1.264623154035   -2.117694812854    0.006127957851
              11 C     -1.396840165094    2.512549808009   -0.007144300830
              12 H     -2.489467469630    2.477294070447   -0.007688638264
              13 C     -0.740230354677    3.860834792266   -0.010830321148
              14 H     -0.072333461288    3.960091154830    0.869813039239
              15 H     -0.065360625359    3.951926042480   -0.886973111057
              16 C     -1.737839707952    5.026460049795   -0.020337173846
              17 H     -2.392937538130    4.932226239654   -0.905662506924
              18 H     -2.400382102717    4.940456665861    0.860285574892
              19 C     -1.059462794585    6.397700617637   -0.023862014044
              20 H     -0.415254814345    6.523917565738   -0.911233242055
              21 H     -0.422808414627    6.532236559143    0.867729140969
              22 C      1.476453818121   -2.542639805394    0.007445310373
              23 H      2.155156327750   -2.542782568636   -0.866134749772
              24 H      2.153820321256   -2.539173471234    0.882062684693
              25 C      0.658373035812   -3.836659814297    0.009439693211
              26 H     -0.005451700236   -3.860136924898    0.893236775749
              27 H     -0.004159025064   -3.863568201570   -0.875233785656
              28 C      1.539817105442   -5.091645026731    0.012545292594
              29 H      2.206693251493   -5.069882585881   -0.869403081065
              30 H      2.205179909556   -5.066599900658    0.895548964145
              31 C      0.734263478937   -6.393344529311    0.014279434877
              32 H      0.085293388994   -6.463700422978   -0.875739355103
              33 H      0.083360270772   -6.460127896668    0.903160175264
              34 C      4.061345383157    0.051650508911    0.002529115001
              35 H     -1.799751800595    7.213866931636   -0.030836054276
              36 H      1.393368859805   -7.276657647652    0.016770096136
              37 C      5.489028129804    0.088476064127    0.002583994442
              38 C      6.175981665756    1.322261105798    0.000833864286
              39 C      7.570150219002    1.354025642876    0.000776459394
              40 C      8.304602816614    0.162681729596    0.002478216751
              41 C      7.633939545427   -1.065776500365    0.004257603243
              42 C      6.240083311517   -1.107376281680    0.004331742703
              43 H      9.396740710374    0.191519320939    0.002419039755
              44 H      8.201953486130   -1.999231341206    0.005592134615
              45 H      5.600936910811    2.250144416010   -0.000494101135
              46 H      5.714974330254   -2.064429173397    0.005706520924
              47 H      8.088274254642    2.316066641953   -0.000612282832
              48 C     -5.481375022915   -0.216988921834   -0.000761928003
              49 C     -6.291610979907    0.940467178216   -0.002938853358
              50 C     -7.681526232702    0.829803382942   -0.002956718009
              51 C     -8.291193854879   -0.430163794611   -0.000846241676
              52 C     -7.498559690591   -1.583883746494    0.001278526741
              53 C     -6.108006707643   -1.483563640264    0.001311453059
              54 H     -9.380577707562   -0.512790899808   -0.000859221796
              55 H     -7.968598767917   -2.570341439988    0.002925338997
              56 H     -5.815417198360    1.922768728343   -0.004555373674
              57 H     -5.488003539458   -2.382040459938    0.002961023131
              58 H     -8.294823686304    1.734181328498   -0.004622920681
