-------------------------------------------------------------
----------------------- !PROPERTIES! ------------------------
-------------------------------------------------------------
# -----------------------------------------------------------
$ PAL_Flags
   description: The PAL Flags
   geom. index: 1
   prop. index: 1
        Diskflag:     2
# -----------------------------------------------------------
$ SCF_Energy
   description: The SCF energy
   geom. index: 1
   prop. index: 1
        SCF Energy:    -1159.8365163340
# -----------------------------------------------------------
$ DFT_Energy
   description: The DFT energy
   geom. index: 1
   prop. index: 1
   Number of Alpha Electrons                105.0001516469 
   Number of Beta  Electrons                104.0001442697 
   Total number of  Electrons               209.0002959166 
   Exchange energy                         -131.4915919610 
   Correlation energy                        -8.1612472549 
   Correlation energy NL                      0.0000000000 
   Exchange-Correlation energy             -139.6528392159 
   Embedding correction                       0.0000000000 
   Total DFT Energy (No VdW correction)   -1159.8365163340 
# -----------------------------------------------------------
$ Mayer_Pop
   description: The Mayer population analysis
   geom. index: 1
   prop. index: 1
     Number of atoms                     : 59
     Threshold for printing              : 0.1000000
     Number of bond orders printed       : 63
  NA   - Mulliken gross atomic population
  ZA   - Total nuclear charge
  QA   - Mulliken gross atomic charge
  VA   - Mayer's total valence
  BVA  - Mayer's bonded valence
  FA   - Mayer's free valence
  ATOM       NA         ZA         QA         VA         BVA        FA
  0   0     5.8589     6.0000     0.1411     2.6148     2.6088     0.0060
  1   0     5.7186     6.0000     0.2814     2.4646     2.4624     0.0022
  2   0     5.7293     6.0000     0.2707     2.5189     2.5183     0.0006
  3   0     6.1791     6.0000    -0.1791     3.7513     3.7171     0.0342
  4   0     5.9290     6.0000     0.0710     4.1422     4.1272     0.0150
  5   0     6.0274     6.0000    -0.0274     3.8705     3.8359     0.0346
  6   0     6.1431     6.0000    -0.1431     3.8255     3.8185     0.0070
  7   0     6.0868     6.0000    -0.0868     4.1468     4.1099     0.0369
  8   0     5.9906     6.0000     0.0094     3.9049     3.8969     0.0080
  9   0     1.0543     1.0000    -0.0543     1.0031     1.0030     0.0001
 10   0     1.0556     1.0000    -0.0556     1.0036     1.0036     0.0000
 11   0     6.1005     6.0000    -0.1005     3.9301     3.5664     0.3637
 12   0     1.0262     1.0000    -0.0262     1.0084     1.0072     0.0012
 13   0     5.9652     6.0000     0.0348     4.0098     4.0084     0.0014
 14   0     0.9711     1.0000     0.0289     0.9626     0.9615     0.0011
 15   0     0.9711     1.0000     0.0289     0.9626     0.9615     0.0011
 16   0     6.0389     6.0000    -0.0389     4.1316     4.1316     0.0000
 17   0     0.9878     1.0000     0.0122     0.9640     0.9640     0.0000
 18   0     0.9878     1.0000     0.0122     0.9640     0.9640     0.0000
 19   0     5.9931     6.0000     0.0069     4.0162     4.0162     0.0000
 20   0     0.9827     1.0000     0.0173     0.9775     0.9775     0.0000
 21   0     0.9826     1.0000     0.0174     0.9775     0.9775     0.0000
 22   0     5.9607     6.0000     0.0393     4.0306     4.0304     0.0002
 23   0     0.9682     1.0000     0.0318     0.9689     0.9688     0.0001
 24   0     0.9682     1.0000     0.0318     0.9688     0.9687     0.0001
 25   0     6.0338     6.0000    -0.0338     4.1140     4.1140     0.0000
 26   0     0.9834     1.0000     0.0166     0.9630     0.9630     0.0000
 27   0     0.9834     1.0000     0.0166     0.9630     0.9630     0.0000
 28   0     6.0244     6.0000    -0.0244     4.1174     4.1174     0.0000
 29   0     0.9947     1.0000     0.0053     0.9674     0.9674     0.0000
 30   0     0.9948     1.0000     0.0052     0.9674     0.9674     0.0000
 31   0     5.9959     6.0000     0.0041     4.0170     4.0170     0.0000
 32   0     0.9830     1.0000     0.0170     0.9773     0.9773     0.0000
 33   0     0.9830     1.0000     0.0170     0.9773     0.9773     0.0000
 34   0     5.8728     6.0000     0.1272     2.6481     2.6468     0.0013
 35   0     0.9869     1.0000     0.0131     0.9732     0.9732     0.0000
 36   0     0.9878     1.0000     0.0122     0.9734     0.9734     0.0000
 37   0     6.2555     6.0000    -0.2555     3.9283     3.9282     0.0001
 38   0     5.9691     6.0000     0.0309     3.9945     3.9944     0.0001
 39   0     5.9592     6.0000     0.0408     3.9988     3.9988     0.0000
 40   0     5.9668     6.0000     0.0332     3.9987     3.9986     0.0001
 41   0     5.9595     6.0000     0.0405     3.9985     3.9985     0.0000
 42   0     5.9715     6.0000     0.0285     3.9936     3.9935     0.0001
 43   0     1.0275     1.0000    -0.0275     0.9687     0.9687     0.0000
 44   0     1.0277     1.0000    -0.0277     0.9684     0.9684     0.0000
 45   0     1.0408     1.0000    -0.0408     0.9836     0.9836     0.0000
 46   0     1.0398     1.0000    -0.0398     0.9832     0.9832     0.0000
 47   0     1.0276     1.0000    -0.0276     0.9684     0.9684     0.0000
 48   0     6.2592     6.0000    -0.2592     3.9301     3.9298     0.0003
 49   0     5.9750     6.0000     0.0250     3.9946     3.9941     0.0005
 50   0     5.9593     6.0000     0.0407     3.9987     3.9986     0.0001
 51   0     5.9672     6.0000     0.0328     3.9975     3.9969     0.0006
 52   0     5.9591     6.0000     0.0409     3.9992     3.9991     0.0001
 53   0     5.9688     6.0000     0.0312     3.9931     3.9926     0.0005
 54   0     1.0281     1.0000    -0.0281     0.9687     0.9687     0.0000
 55   0     1.0282     1.0000    -0.0282     0.9682     0.9682     0.0000
 56   0     1.0395     1.0000    -0.0395     0.9811     0.9811     0.0000
 57   0     1.0415     1.0000    -0.0415     0.9837     0.9837     0.0000
 58   0     1.0286     1.0000    -0.0286     0.9684     0.9684     0.0000
      Bond orders larger than 0.1000000
           Atom A     A.N. of A          Atom B    A.N. of B              Bond order
                0             6               1            6                1.709169
                0             6              48            6                0.933071
                1             6               3            6                0.874122
                1             6              48            6               -0.183489
                2             6               6            6                0.874606
                2             6              34            6                1.751651
                2             6              37            6               -0.177102
                3             6               4            6                1.278743
                3             6               8            6                1.398162
                4             6               5            6                1.290515
                4             6              11            6                1.381265
                5             6               6            6                1.448485
                5             6               9            1                0.917518
                6             6               7            6                1.343462
                7             6               8            6                1.428167
                7             6              22            6                1.095548
                8             6              10            1                0.919824
               11             6              12            1                0.898395
               11             6              13            6                1.084147
               13             6              14            1                0.911393
               13             6              15            1                0.911374
               13             6              16            6                1.071687
               16             6              17            1                0.943640
               16             6              18            1                0.943621
               16             6              19            6                1.106721
               19             6              20            1                0.965232
               19             6              21            1                0.965239
               19             6              35            1                0.960771
               22             6              23            1                0.895780
               22             6              24            1                0.895756
               22             6              25            6                1.104392
               25             6              26            1                0.929120
               25             6              27            1                0.929145
               25             6              28            6                1.074968
               28             6              29            1                0.940836
               28             6              30            1                0.940844
               28             6              31            6                1.106353
               31             6              32            1                0.966154
               31             6              33            1                0.966151
               31             6              36            1                0.961609
               34             6              37            6                0.930606
               37             6              38            6                1.442456
               37             6              42            6                1.439193
               38             6              39            6                1.470079
               38             6              45            1                0.940104
               39             6              40            6                1.444359
               39             6              47            1                0.937961
               40             6              41            6                1.443690
               40             6              43            1                0.943295
               41             6              42            6                1.470288
               41             6              44            1                0.937997
               42             6              46            1                0.940497
               48             6              49            6                1.437492
               48             6              53            6                1.438235
               49             6              50            6                1.471525
               49             6              56            1                0.940544
               50             6              51            6                1.442123
               50             6              58            1                0.937872
               51             6              52            6                1.442653
               51             6              54            1                0.943271
               52             6              53            6                1.472224
               52             6              55            1                0.937810
               53             6              57            1                0.939811
# -----------------------------------------------------------
$ PAL_Flags
   description: The PAL Flags
   geom. index: 2
   prop. index: 1
        Diskflag:     2
# -----------------------------------------------------------
$ SCF_Energy
   description: The SCF energy
   geom. index: 2
   prop. index: 1
        SCF Energy:    -1159.8365182109
# -----------------------------------------------------------
$ DFT_Energy
   description: The DFT energy
   geom. index: 2
   prop. index: 1
   Number of Alpha Electrons                105.0001530401 
   Number of Beta  Electrons                104.0001454812 
   Total number of  Electrons               209.0002985213 
   Exchange energy                         -131.4920908242 
   Correlation energy                        -8.1612475892 
   Correlation energy NL                      0.0000000000 
   Exchange-Correlation energy             -139.6533384133 
   Embedding correction                       0.0000000000 
   Total DFT Energy (No VdW correction)   -1159.8365182109 
# -----------------------------------------------------------
$ PAL_Flags
   description: The PAL Flags
   geom. index: 3
   prop. index: 1
        Diskflag:     2
# -----------------------------------------------------------
$ SCF_Energy
   description: The SCF energy
   geom. index: 3
   prop. index: 1
        SCF Energy:    -1159.8365170225
# -----------------------------------------------------------
$ DFT_Energy
   description: The DFT energy
   geom. index: 3
   prop. index: 1
   Number of Alpha Electrons                105.0001541657 
   Number of Beta  Electrons                104.0001463840 
   Total number of  Electrons               209.0003005497 
   Exchange energy                         -131.4920666861 
   Correlation energy                        -8.1612283243 
   Correlation energy NL                      0.0000000000 
   Exchange-Correlation energy             -139.6532950105 
   Embedding correction                       0.0000000000 
   Total DFT Energy (No VdW correction)   -1159.8365170225 
# -----------------------------------------------------------
$ PAL_Flags
   description: The PAL Flags
   geom. index: 4
   prop. index: 1
        Diskflag:     2
# -----------------------------------------------------------
$ SCF_Energy
   description: The SCF energy
   geom. index: 4
   prop. index: 1
        SCF Energy:    -1159.8365155111
# -----------------------------------------------------------
$ DFT_Energy
   description: The DFT energy
   geom. index: 4
   prop. index: 1
   Number of Alpha Electrons                105.0001548459 
   Number of Beta  Electrons                104.0001468972 
   Total number of  Electrons               209.0003017431 
   Exchange energy                         -131.4919812692 
   Correlation energy                        -8.1612191899 
   Correlation energy NL                      0.0000000000 
   Exchange-Correlation energy             -139.6532004590 
   Embedding correction                       0.0000000000 
   Total DFT Energy (No VdW correction)   -1159.8365155111 
# -----------------------------------------------------------
$ PAL_Flags
   description: The PAL Flags
   geom. index: 5
   prop. index: 1
        Diskflag:     2
# -----------------------------------------------------------
$ SCF_Energy
   description: The SCF energy
   geom. index: 5
   prop. index: 1
        SCF Energy:    -1159.8365144871
# -----------------------------------------------------------
$ DFT_Energy
   description: The DFT energy
   geom. index: 5
   prop. index: 1
   Number of Alpha Electrons                105.0001551543 
   Number of Beta  Electrons                104.0001471254 
   Total number of  Electrons               209.0003022797 
   Exchange energy                         -131.4919420296 
   Correlation energy                        -8.1612195918 
   Correlation energy NL                      0.0000000000 
   Exchange-Correlation energy             -139.6531616214 
   Embedding correction                       0.0000000000 
   Total DFT Energy (No VdW correction)   -1159.8365144871 
# -----------------------------------------------------------
$ Mayer_Pop
   description: The Mayer population analysis
   geom. index: 5
   prop. index: 1
     Number of atoms                     : 59
     Threshold for printing              : 0.1000000
     Number of bond orders printed       : 63
  NA   - Mulliken gross atomic population
  ZA   - Total nuclear charge
  QA   - Mulliken gross atomic charge
  VA   - Mayer's total valence
  BVA  - Mayer's bonded valence
  FA   - Mayer's free valence
  ATOM       NA         ZA         QA         VA         BVA        FA
  0   0     5.8599     6.0000     0.1401     2.6171     2.6111     0.0060
  1   0     5.7183     6.0000     0.2817     2.4659     2.4637     0.0022
  2   0     5.7293     6.0000     0.2707     2.5193     2.5187     0.0006
  3   0     6.1788     6.0000    -0.1788     3.7512     3.7171     0.0341
  4   0     5.9279     6.0000     0.0721     4.1405     4.1255     0.0150
  5   0     6.0280     6.0000    -0.0280     3.8705     3.8359     0.0346
  6   0     6.1432     6.0000    -0.1432     3.8260     3.8190     0.0070
  7   0     6.0866     6.0000    -0.0866     4.1463     4.1095     0.0368
  8   0     5.9912     6.0000     0.0088     3.9056     3.8976     0.0080
  9   0     1.0544     1.0000    -0.0544     1.0031     1.0030     0.0001
 10   0     1.0557     1.0000    -0.0557     1.0036     1.0036     0.0000
 11   0     6.1003     6.0000    -0.1003     3.9300     3.5663     0.3637
 12   0     1.0265     1.0000    -0.0265     1.0085     1.0073     0.0012
 13   0     5.9651     6.0000     0.0349     4.0098     4.0084     0.0014
 14   0     0.9711     1.0000     0.0289     0.9626     0.9615     0.0011
 15   0     0.9710     1.0000     0.0290     0.9626     0.9615     0.0011
 16   0     6.0387     6.0000    -0.0387     4.1313     4.1313     0.0000
 17   0     0.9878     1.0000     0.0122     0.9641     0.9641     0.0000
 18   0     0.9878     1.0000     0.0122     0.9640     0.9640     0.0000
 19   0     5.9933     6.0000     0.0067     4.0162     4.0162     0.0000
 20   0     0.9826     1.0000     0.0174     0.9775     0.9775     0.0000
 21   0     0.9826     1.0000     0.0174     0.9775     0.9775     0.0000
 22   0     5.9600     6.0000     0.0400     4.0305     4.0303     0.0002
 23   0     0.9683     1.0000     0.0317     0.9689     0.9688     0.0001
 24   0     0.9683     1.0000     0.0317     0.9689     0.9688     0.0001
 25   0     6.0339     6.0000    -0.0339     4.1143     4.1143     0.0000
 26   0     0.9834     1.0000     0.0166     0.9630     0.9630     0.0000
 27   0     0.9834     1.0000     0.0166     0.9630     0.9630     0.0000
 28   0     6.0243     6.0000    -0.0243     4.1172     4.1172     0.0000
 29   0     0.9948     1.0000     0.0052     0.9674     0.9674     0.0000
 30   0     0.9948     1.0000     0.0052     0.9674     0.9674     0.0000
 31   0     5.9960     6.0000     0.0040     4.0169     4.0169     0.0000
 32   0     0.9830     1.0000     0.0170     0.9773     0.9773     0.0000
 33   0     0.9830     1.0000     0.0170     0.9773     0.9773     0.0000
 34   0     5.8730     6.0000     0.1270     2.6486     2.6473     0.0013
 35   0     0.9869     1.0000     0.0131     0.9732     0.9732     0.0000
 36   0     0.9877     1.0000     0.0123     0.9734     0.9734     0.0000
 37   0     6.2555     6.0000    -0.2555     3.9283     3.9282     0.0001
 38   0     5.9693     6.0000     0.0307     3.9947     3.9946     0.0001
 39   0     5.9591     6.0000     0.0409     3.9986     3.9986     0.0000
 40   0     5.9666     6.0000     0.0334     3.9988     3.9987     0.0001
 41   0     5.9596     6.0000     0.0404     3.9985     3.9985     0.0000
 42   0     5.9713     6.0000     0.0287     3.9933     3.9932     0.0001
 43   0     1.0277     1.0000    -0.0277     0.9687     0.9687     0.0000
 44   0     1.0277     1.0000    -0.0277     0.9684     0.9684     0.0000
 45   0     1.0408     1.0000    -0.0408     0.9836     0.9836     0.0000
 46   0     1.0398     1.0000    -0.0398     0.9832     0.9832     0.0000
 47   0     1.0276     1.0000    -0.0276     0.9684     0.9684     0.0000
 48   0     6.2588     6.0000    -0.2588     3.9300     3.9297     0.0003
 49   0     5.9743     6.0000     0.0257     3.9939     3.9934     0.0005
 50   0     5.9596     6.0000     0.0404     3.9988     3.9987     0.0001
 51   0     5.9670     6.0000     0.0330     3.9977     3.9971     0.0006
 52   0     5.9589     6.0000     0.0411     3.9988     3.9987     0.0001
 53   0     5.9693     6.0000     0.0307     3.9935     3.9930     0.0005
 54   0     1.0283     1.0000    -0.0283     0.9687     0.9687     0.0000
 55   0     1.0282     1.0000    -0.0282     0.9682     0.9682     0.0000
 56   0     1.0397     1.0000    -0.0397     0.9812     0.9812     0.0000
 57   0     1.0415     1.0000    -0.0415     0.9837     0.9837     0.0000
 58   0     1.0285     1.0000    -0.0285     0.9684     0.9684     0.0000
      Bond orders larger than 0.1000000
           Atom A     A.N. of A          Atom B    A.N. of B              Bond order
                0             6               1            6                1.710433
                0             6              48            6                0.933397
                1             6               3            6                0.874189
                1             6              48            6               -0.183317
                2             6               6            6                0.874800
                2             6              34            6                1.751962
                2             6              37            6               -0.177108
                3             6               4            6                1.277577
                3             6               8            6                1.399499
                4             6               5            6                1.289657
                4             6              11            6                1.381564
                5             6               6            6                1.449159
                5             6               9            1                0.917556
                6             6               7            6                1.343008
                7             6               8            6                1.427854
                7             6              22            6                1.095662
                8             6              10            1                0.919867
               11             6              12            1                0.898271
               11             6              13            6                1.084090
               13             6              14            1                0.911500
               13             6              15            1                0.911447
               13             6              16            6                1.071581
               16             6              17            1                0.943733
               16             6              18            1                0.943675
               16             6              19            6                1.106611
               19             6              20            1                0.965282
               19             6              21            1                0.965294
               19             6              35            1                0.960820
               22             6              23            1                0.895666
               22             6              24            1                0.895706
               22             6              25            6                1.104507
               25             6              26            1                0.929172
               25             6              27            1                0.929215
               25             6              28            6                1.074791
               28             6              29            1                0.940945
               28             6              30            1                0.940949
               28             6              31            6                1.106165
               31             6              32            1                0.966205
               31             6              33            1                0.966203
               31             6              36            1                0.961664
               34             6              37            6                0.930766
               37             6              38            6                1.442770
               37             6              42            6                1.438813
               38             6              39            6                1.470043
               38             6              45            1                0.940123
               39             6              40            6                1.444259
               39             6              47            1                0.937990
               40             6              41            6                1.443843
               40             6              43            1                0.943292
               41             6              42            6                1.470150
               41             6              44            1                0.938012
               42             6              46            1                0.940490
               48             6              49            6                1.436470
               48             6              53            6                1.439008
               49             6              50            6                1.471219
               49             6              56            1                0.940546
               50             6              51            6                1.442552
               50             6              58            1                0.937872
               51             6              52            6                1.442363
               51             6              54            1                0.943264
               52             6              53            6                1.472263
               52             6              55            1                0.937851
               53             6              57            1                0.939866
# -----------------------------------------------------------
$ SCF_Electric_Properties
   description: The SCF Calculated Electric Properties
   geom. index: 5
   prop. index: 1
       Filename                          : opt.scfp 
       Do Dipole Moment Calculation      : true 
       Do Quadrupole Moment Calculation  : false 
       Do Polarizability Calculation     : false 
** Dipole moment part of electric properties **
        Magnitude of dipole moment (Debye) :        0.3325888405
        Electronic Contribution:
                  0    
      0      -0.506445
      1       2.183507
      2       0.024497
        Nuclear Contribution:
                  0    
      0       0.635940
      1      -2.164747
      2      -0.024952
        Total Dipole moment:
                  0    
      0       0.129495
      1       0.018759
      2      -0.000455
# -------------------------------------------------------------
----------------------- !GEOMETRIES! ------------------------
# -------------------------------------------------------------
------------------------ !GEOMETRY! -------------------------
    Number of atoms:    59 
    Geometry Index:     1 
    Coordinates:
               0 C     -4.059408364781   -0.122212791621   -0.002174367726
               1 C     -2.837335526000   -0.050493612414   -0.000179079775
               2 C      2.839202732851    0.027271810207    0.000509884617
               3 C     -1.418074447125    0.005065808794    0.000147898800
               4 C     -0.716101893395    1.269264893823   -0.002866400531
               5 C      0.705739984803    1.207940388967   -0.002661734031
               6 C      1.411057386224    0.001828624852    0.000453287306
               7 C      0.705865885143   -1.245360620853    0.003519607958
               8 C     -0.688004245742   -1.200077034092    0.003369500533
               9 H      1.277030734330    2.136392819119   -0.004922102339
              10 H     -1.257012573926   -2.129588716226    0.005594878529
              11 C     -1.405584724363    2.500624448493   -0.005601817455
              12 H     -2.498389107021    2.461115761649   -0.005184808437
              13 C     -0.754044378882    3.851057180933   -0.008467505596
              14 H     -0.083548208350    3.951220150436    0.870290646541
              15 H     -0.081892955803    3.946771784277   -0.886447625918
              16 C     -1.755766760508    5.012655698686   -0.012321227684
              17 H     -2.413289442265    4.917358113409   -0.896169655080
              18 H     -2.415158945095    4.921674914471    0.870596520503
              19 C     -1.083525002660    6.386500937961   -0.014964992359
              20 H     -0.442337123029    6.517574388725   -0.903998423431
              21 H     -0.444159875591    6.521890003025    0.874728818149
              22 C      1.486165684794   -2.543567840143    0.006451915820
              23 H      2.164722931523   -2.540582320184   -0.867702124473
              24 H      2.164063213028   -2.537146873278    0.881106364603
              25 C      0.674082234994   -3.841117399262    0.008575362701
              26 H      0.010558312571   -3.867439430691    0.893056250247
              27 H      0.011126502263   -3.870579364870   -0.876232114493
              28 C      1.560547035409   -5.091928576317    0.011000324746
              29 H      2.227183331867   -5.067475696045   -0.871584908492
              30 H      2.226255951979   -5.064736056472    0.894206579991
              31 C      0.760876075576   -6.396654130645    0.012590369111
              32 H      0.111515019739   -6.470081210687   -0.877168847922
              33 H      0.110396867314   -6.467237691659    0.901767261829
              34 C      4.061114508025    0.054591051048    0.001635784330
              35 H     -1.827769227903    7.198950884443   -0.017720433047
              36 H      1.423924984682   -7.276836671667    0.014423837080
              37 C      5.488861159349    0.089015341419    0.001504634450
              38 C      6.178650981125    1.321015056062   -0.011308761126
              39 C      7.572806276733    1.349363516933   -0.011530681205
              40 C      8.304688317334    0.156568823567    0.000994189132
              41 C      7.631098169091   -1.070144706291    0.013804241415
              42 C      6.237239914292   -1.108406076473    0.014112376328
              43 H      9.397193820286    0.183122630972    0.000796275829
              44 H      8.196790284730   -2.004959446931    0.023768046290
              45 H      5.605953808181    2.250294255250   -0.021264231948
              46 H      5.709962042670   -2.064326096124    0.024292264071
              47 H      8.093260550217    2.310162432702   -0.021708365679
              48 C     -5.482915305220   -0.211234234152   -0.002974964804
              49 C     -6.279610452482    0.955478406917   -0.019871654079
              50 C     -7.670624547571    0.861632263878   -0.020449257094
              51 C     -8.295228372219   -0.390821086726   -0.004262764772
              52 C     -7.516014964314   -1.553428472365    0.012520790870
              53 C     -6.124424586748   -1.470006844429    0.013201369546
              54 H     -9.385790154968   -0.461155645120   -0.004809177174
              55 H     -7.997918046316   -2.534162921266    0.025380060015
              56 H     -5.791673647138    1.932007375501   -0.032786490275
              57 H     -5.515559922269   -2.375894178956    0.026513866891
              58 H     -8.272733549438    1.773347939440   -0.033778081282
------------------------ !GEOMETRY! -------------------------
    Number of atoms:    59 
    Geometry Index:     2 
    Coordinates:
               0 C     -4.058861046700   -0.121343621063   -0.001604773324
               1 C     -2.836933555178   -0.048011550166    0.000278857535
               2 C      2.839611377563    0.027043428257    0.000613248233
               3 C     -1.417698769419    0.007764095246    0.000524847325
               4 C     -0.714959047760    1.271582570660   -0.002845225489
               5 C      0.706955115303    1.208901022313   -0.002604813278
               6 C      1.411488185165    0.002262152039    0.000746479788
               7 C      0.705371527488   -1.244361846817    0.004135925976
               8 C     -0.688399389299   -1.197773896218    0.003982998893
               9 H      1.279393098562    2.136713099716   -0.005172206618
              10 H     -1.258419316647   -2.126698159976    0.006472493394
              11 C     -1.402953225958    2.503764548544   -0.006364927090
              12 H     -2.495425636813    2.465606928870   -0.006171787918
              13 C     -0.749815178056    3.853609763776   -0.010262896335
              14 H     -0.079561221809    3.953664405760    0.868536584253
              15 H     -0.077386997192    3.947582023367   -0.888053379394
              16 C     -1.750302546558    5.016710533380   -0.015560058126
              17 H     -2.407632339315    4.921572851385   -0.899175369031
              18 H     -2.410018368125    4.927632981164    0.866905814761
              19 C     -1.076091779926    6.389862542218   -0.019371117127
              20 H     -0.434631939347    6.519149675825   -0.908312350167
              21 H     -0.436997479941    6.525247849896    0.870362302783
              22 C      1.483462303294   -2.543636543402    0.007690046147
              23 H      2.161849004486   -2.542142356313   -0.866128736290
              24 H      2.161080466197   -2.537881854600    0.882096907276
              25 C      0.668959828339   -3.839867438092    0.010440680784
              26 H      0.005457451004   -3.864553332374    0.894491146484
              27 H      0.006173921959   -3.868666010987   -0.874024435608
              28 C      1.553266688410   -5.092593097042    0.013694266338
              29 H      2.219857644464   -5.069720769725   -0.868475164723
              30 H      2.218843264701   -5.065880676587    0.896525855702
              31 C      0.751205936967   -6.396286645541    0.016076933792
              32 H      0.101917089984   -6.468966439182   -0.873552592768
              33 H      0.100690780690   -6.464970082286    0.905130251289
              34 C      4.061492867411    0.054464475802    0.001552318938
              35 H     -1.819058613781    7.203582264497   -0.023165917258
              36 H      1.412692585892   -7.277834967572    0.018521819072
              37 C      5.489220350780    0.089802977379    0.001240617009
              38 C      6.178032723208    1.322500899896   -0.003077123771
              39 C      7.572229156171    1.352074117836   -0.003445270068
              40 C      8.305014536035    0.159724060900    0.000495087576
              41 C      7.632453393763   -1.067689284949    0.004828009564
              42 C      6.238559897430   -1.107134108090    0.005238561853
              43 H      9.397180201025    0.187100269701    0.000201074674
              44 H      8.198958511234   -2.002061847370    0.007948551544
              45 H      5.604522309691    2.251330426416   -0.006150702146
              46 H      5.712085705085   -2.063429477751    0.008658314878
              47 H      8.091848409342    2.313316828368   -0.006859518410
              48 C     -5.482160600612   -0.213907207141   -0.002338804114
              49 C     -6.282223782965    0.950664896570   -0.009167858554
              50 C     -7.673029670077    0.852633912702   -0.009952763094
              51 C     -8.293939285934   -0.401830691749   -0.004045076933
              52 C     -7.511429899361   -1.562390996030    0.002680121612
              53 C     -6.120024180480   -1.474744852472    0.003522121792
              54 H     -9.383973242903   -0.475174245522   -0.004726322547
              55 H     -7.990377078025   -2.544567600791    0.007328628518
              56 H     -5.797216910182    1.928642288941   -0.013955222016
              57 H     -5.508366658034   -2.378909722457    0.008730641236
              58 H     -8.277948221246    1.762623390842   -0.015286486824
------------------------ !GEOMETRY! -------------------------
    Number of atoms:    59 
    Geometry Index:     3 
    Coordinates:
               0 C     -4.058671713816   -0.118943652602   -0.001348260431
               1 C     -2.836862772352   -0.043893796673    0.000178049881
               2 C      2.839673582914    0.026327697471    0.000805504849
               3 C     -1.417618166329    0.011499742900    0.000100236632
               4 C     -0.713749074903    1.274580809663   -0.003438313592
               5 C      0.708180632584    1.210104891853   -0.002850334529
               6 C      1.411558624447    0.002727075517    0.000723289480
               7 C      0.704232969165   -1.243109655590    0.004089100151
               8 C     -0.689488710431   -1.194751779265    0.003740778038
               9 H      1.282115568112    2.137009220684   -0.005384825984
              10 H     -1.260922982355   -2.122781644060    0.006322336810
              11 C     -1.400052917970    2.507632820370   -0.007519455842
              12 H     -2.492528503571    2.470988249580   -0.007870872720
              13 C     -0.745110920395    3.856729015523   -0.011618377189
              14 H     -0.075604703495    3.956334963773    0.867728669860
              15 H     -0.071921746483    3.949203366146   -0.888900998424
              16 C     -1.744213299689    5.021218951824   -0.018530018765
              17 H     -2.400901484970    4.926610806218   -0.902552724287
              18 H     -2.404868532396    4.933791795707    0.863275982982
              19 C     -1.067765215301    6.393439234359   -0.022607397016
              20 H     -0.425454792476    6.521125467059   -0.911114048598
              21 H     -0.429443870488    6.528383567669    0.867699422695
              22 C      1.480200101170   -2.543558371909    0.007948410987
              23 H      2.158737376075   -2.543223507567   -0.865640104489
              24 H      2.157578256442   -2.538753907660    0.882427136918
              25 C      0.663626516327   -3.838597228474    0.010695139376
              26 H     -0.000088922487   -3.862258505986    0.894454960594
              27 H      0.001080196397   -3.866662224775   -0.873817562608
              28 C      1.546341322043   -5.092703856571    0.014427897912
              29 H      2.213135590772   -5.070799864437   -0.867466664096
              30 H      2.211713341136   -5.066574192469    0.897282283841
              31 C      0.742283627811   -6.395407244132    0.016917440849
              32 H      0.093238491620   -6.467132408704   -0.872892517677
              33 H      0.091535283608   -6.462684745225    0.905828922970
              34 C      4.061550730637    0.053597339574    0.001887878282
              35 H     -1.809287462606    7.208510217368   -0.027608955059
              36 H      1.402441315149   -7.277986900781    0.019761627070
              37 C      5.489248514591    0.089850565434    0.001793127296
              38 C      6.176998552059    1.323198135341    0.001805834271
              39 C      7.571203789371    1.354061114305    0.001587663240
              40 C      8.304943020355    0.162264468635    0.001378374568
              41 C      7.633477796084   -1.065789314354    0.001391446879
              42 C      6.239582450845   -1.106490244534    0.001606720858
              43 H      9.397018595734    0.190498613458    0.001197715312
              44 H      8.200847909603   -1.999638015914    0.001190835599
              45 H      5.602612851363    2.251492922026    0.002013945790
              46 H      5.713910280179   -2.063206353226    0.001554435363
              47 H      8.089950136688    2.315758604995    0.001603035397
              48 C     -5.481678606483   -0.215983113356   -0.001735636120
              49 C     -6.286014141040    0.945670081075   -0.002328756295
              50 C     -7.676484944908    0.842292164150   -0.002595568891
              51 C     -8.292665214906   -0.414550565746   -0.002286760400
              52 C     -7.505932940459   -1.572309905316   -0.001683447569
              53 C     -6.114839189798   -1.479279582509   -0.001410035012
              54 H     -9.382364507115   -0.491762253880   -0.002480853391
              55 H     -7.981118770925   -2.556290701048   -0.001449366639
              56 H     -5.804719373356    1.925466728596   -0.002501594869
              57 H     -5.499645104283   -2.381076182566   -0.000983029304
              58 H     -8.284960487496    1.749933048056   -0.003001114954
------------------------ !GEOMETRY! -------------------------
    Number of atoms:    59 
    Geometry Index:     4 
    Coordinates:
               0 C     -4.058702968448   -0.116161586562   -0.000839300752
               1 C     -2.836962816269   -0.039906173466    0.000482985072
               2 C      2.839568804144    0.025567234563    0.001127496015
               3 C     -1.417671317772    0.014713561404    0.000274623115
               4 C     -0.712750550326    1.277094361938   -0.003348661635
               5 C      0.709131522316    1.211192175125   -0.002632761795
               6 C      1.411436281211    0.003159507205    0.000935350031
               7 C      0.703051122291   -1.242020669726    0.004128576038
               8 C     -0.690639506019   -1.192248755907    0.003780780014
               9 H      1.284274709587    2.137350565110   -0.005092041013
              10 H     -1.263265197992   -2.119545005020    0.006286309305
              11 C     -1.397870361969    2.510752564808   -0.007692910709
              12 H     -2.490432625021    2.475157028920   -0.008349284915
              13 C     -0.741684691195    3.859284240470   -0.011703330725
              14 H     -0.072948882436    3.958568015633    0.868258979721
              15 H     -0.067719602363    3.950779439919   -0.888477421922
              16 C     -1.739760340267    5.024632630702   -0.019964444883
              17 H     -2.395741399040    4.930397417187   -0.904568876023
              18 H     -2.401350458666    4.938261905178    0.861267703738
              19 C     -1.061798792650    6.396140112497   -0.023930292567
              20 H     -0.418594843893    6.522758959149   -0.911946150617
              21 H     -0.424271462826    6.530720666155    0.867004566719
              22 C      1.477655717127   -2.543269048083    0.007789299066
              23 H      2.156281934310   -2.543453939475   -0.865774548690
              24 H      2.155011511570   -2.539331943911    0.882334274088
              25 C      0.659874727221   -3.837541069671    0.010214799670
              26 H     -0.003926405408   -3.860886677333    0.893945066356
              27 H     -0.002621794611   -3.864930137582   -0.874383534799
              28 C      1.541682204935   -5.092350918279    0.013773809870
              29 H      2.208551825082   -5.070724740903   -0.868100071024
              30 H      2.207018206311   -5.066820133501    0.896700494245
              31 C      0.736461202194   -6.394359189132    0.015970168354
              32 H      0.087508642767   -6.465214698453   -0.873984052505
              33 H      0.085609995027   -6.461035484263    0.904857732603
              34 C      4.061456704256    0.052505861150    0.002255154531
              35 H     -1.802342642788    7.212099603912   -0.029956393840
              36 H      1.395822036041   -7.277511591413    0.018750672688
              37 C      5.489136480829    0.089328979022    0.002259624478
              38 C      6.176171956182    1.323081717607    0.002418394771
              39 C      7.570360651877    1.354781637181    0.002306800762
              40 C      8.304733709043    0.163376281012    0.002064861053
              41 C      7.633997428957   -1.065065760659    0.001949700970
              42 C      6.240123020137   -1.106590936110    0.002059712254
              43 H      9.396823966507    0.192167041865    0.001965547915
              44 H      8.201944556127   -1.998561282037    0.001735121579
              45 H      5.601199944187    2.251012866952    0.002641452953
              46 H      5.714967819966   -2.063600504484    0.001913603527
              47 H      8.088536363665    2.316785395052    0.002430729565
              48 C     -5.481445465551   -0.216983877506   -0.001037673853
              49 C     -6.289387702401    0.942124481549   -0.000745560823
              50 C     -7.679529928748    0.834245318172   -0.000861987133
              51 C     -8.291704910052   -0.424537543644   -0.001311908675
              52 C     -7.501381713045   -1.579853111489   -0.001666213246
              53 C     -6.110602029736   -1.482303713614   -0.001552835542
              54 H     -9.381197952072   -0.505041389368   -0.001382186449
              55 H     -7.973394835866   -2.565356885182   -0.002065237431
              56 H     -5.811226857349    1.923455476729   -0.000291207528
              57 H     -5.492436161155   -2.382059645903   -0.001870484835
              58 H     -8.290990477936    1.739873326510   -0.000554407137
------------------------ !GEOMETRY! -------------------------
    Number of atoms:    59 
    Geometry Index:     5 
    Coordinates:
               0 C     -4.058780359529   -0.114026658451   -0.000729391679
               1 C     -2.837066638288   -0.037216999618    0.000457686302
               2 C      2.839455806561    0.025128438507    0.001302827319
               3 C     -1.417729859725    0.016650675728    0.000203701689
               4 C     -0.712127730090    1.278604420412   -0.003268526140
               5 C      0.709687155590    1.211982754516   -0.002475203038
               6 C      1.411297860539    0.003548535669    0.000975269136
               7 C      0.702255351524   -1.241266348505    0.003982720498
               8 C     -0.691408350873   -1.190779078368    0.003621087242
               9 H      1.285445276156    2.137756661659   -0.004761787681
              10 H     -1.264663170129   -2.117692909610    0.006029523243
              11 C     -1.396748607021    2.512533893229   -0.007529781588
              12 H     -2.489374016857    2.477378637660   -0.008222114688
              13 C     -0.740034023251    3.860789647408   -0.011242932944
              14 H     -0.071951797015    3.959921302156    0.869257379763
              15 H     -0.065382859164    3.951891686330   -0.887543897561
              16 C     -1.737595434544    5.026484882827   -0.020436249148
              17 H     -2.392913383705    4.932400603345   -0.905599986404
              18 H     -2.399942116838    4.940502557123    0.860320775418
              19 C     -1.059046705300    6.397666107946   -0.024025582464
              20 H     -0.415065416382    6.523868602125   -0.911556354801
              21 H     -0.422197934298    6.532067304994    0.867440350808
              22 C      1.476339360605   -2.542840490050    0.007434421300
              23 H      2.155053372717   -2.543120315571   -0.866125963344
              24 H      2.153684950913   -2.539370964068    0.882056489256
              25 C      0.658132292811   -3.836795711992    0.009520684128
              26 H     -0.005723241424   -3.860158607504    0.893278815466
              27 H     -0.004354753576   -3.863766109212   -0.875166228593
              28 C      1.539543203250   -5.091841216668    0.012796078698
              29 H      2.206454945536   -5.070185235205   -0.869111392578
              30 H      2.204866459243   -5.066715835180    0.895810148910
              31 C      0.733887025672   -6.393510973133    0.014636641868
              32 H      0.084970132850   -6.463881699284   -0.875410338582
              33 H      0.082960151828   -6.460114631732    0.903503563710
              34 C      4.061356041743    0.051700403584    0.002498297503
              35 H     -1.799215879495    7.213950256082   -0.030767345141
              36 H      1.392930416004   -7.276874004070    0.017251985660
              37 C      5.489033374808    0.088670643806    0.002622161775
              38 C      6.175837466349    1.322543067610    0.001416236704
              39 C      7.570007756013    1.354492446468    0.001415792065
              40 C      8.304589180310    0.163225327390    0.002632513356
              41 C      7.634081811894   -1.065321499644    0.003864460502
              42 C      6.240226222735   -1.107099780946    0.003877633519
              43 H      9.396716391135    0.192184570413    0.002616699185
              44 H      8.202215294909   -1.998703137280    0.004809811710
              45 H      5.600673198939    2.250353497400    0.000472602014
              46 H      5.715228890881   -2.064210741145    0.004814769224
              47 H      8.088008380080    2.316597109935    0.000460516212
              48 C     -5.481361037116   -0.217166753936   -0.000791883139
              49 C     -6.291506287882    0.940362337478   -0.001962406435
              50 C     -7.681432140472    0.829777017049   -0.001872669307
              51 C     -8.291180338559   -0.430157053276   -0.000631875590
              52 C     -7.498648033736   -1.583950783808    0.000527546317
              53 C     -6.108081110469   -1.483700685560    0.000445746938
              54 H     -9.380564555380   -0.512686875064   -0.000545131076
              55 H     -7.968746171856   -2.570376779750    0.001497658692
              56 H     -5.815245752046    1.922629122076   -0.002860578347
              57 H     -5.488129122857   -2.382217532473    0.001344641246
              58 H     -8.294682593715    1.734188860177   -0.002759007109
