-------------------------------------------------------------
----------------------- !PROPERTIES! ------------------------
-------------------------------------------------------------
# -----------------------------------------------------------
$ PAL_Flags
   description: The PAL Flags
   geom. index: 1
   prop. index: 1
        Diskflag:     2
# -----------------------------------------------------------
$ SCF_Energy
   description: The SCF energy
   geom. index: 1
   prop. index: 1
        SCF Energy:     -621.8602733572
# -----------------------------------------------------------
$ DFT_Energy
   description: The DFT energy
   geom. index: 1
   prop. index: 1
   Number of Alpha Electrons                 59.0001094116 
   Number of Beta  Electrons                 58.0001034810 
   Total number of  Electrons               117.0002128926 
   Exchange energy                          -71.6219681211 
   Correlation energy                        -4.5074497460 
   Correlation energy NL                      0.0000000000 
   Exchange-Correlation energy              -76.1294178671 
   Embedding correction                       0.0000000000 
   Total DFT Energy (No VdW correction)    -621.8602733572 
# -----------------------------------------------------------
$ Mayer_Pop
   description: The Mayer population analysis
   geom. index: 1
   prop. index: 1
     Number of atoms                     : 37
     Threshold for printing              : 0.1000000
     Number of bond orders printed       : 37
  NA   - Mulliken gross atomic population
  ZA   - Total nuclear charge
  QA   - Mulliken gross atomic charge
  VA   - Mayer's total valence
  BVA  - Mayer's bonded valence
  FA   - Mayer's free valence
  ATOM       NA         ZA         QA         VA         BVA        FA
  0   0     5.3791     6.0000     0.6209     2.9125     2.9121     0.0004
  1   0     5.9722     6.0000     0.0278     3.9070     3.8722     0.0348
  2   0     5.9159     6.0000     0.0841     4.0919     4.0778     0.0141
  3   0     6.0026     6.0000    -0.0026     3.8789     3.8433     0.0356
  4   0     6.0434     6.0000    -0.0434     3.8462     3.8398     0.0064
  5   0     6.0856     6.0000    -0.0856     4.1583     4.1180     0.0403
  6   0     5.9723     6.0000     0.0277     3.9811     3.9734     0.0077
  7   0     1.0533     1.0000    -0.0533     1.0004     1.0003     0.0001
  8   0     1.0438     1.0000    -0.0438     0.9849     0.9849     0.0000
  9   0     6.0730     6.0000    -0.0730     3.9302     3.5223     0.4079
 10   0     1.0382     1.0000    -0.0382     0.9907     0.9893     0.0014
 11   0     5.9706     6.0000     0.0294     4.0142     4.0126     0.0016
 12   0     0.9722     1.0000     0.0278     0.9631     0.9619     0.0012
 13   0     0.9722     1.0000     0.0278     0.9631     0.9619     0.0012
 14   0     6.0401     6.0000    -0.0401     4.1296     4.1296     0.0000
 15   0     0.9886     1.0000     0.0114     0.9638     0.9638     0.0000
 16   0     0.9886     1.0000     0.0114     0.9638     0.9638     0.0000
 17   0     5.9958     6.0000     0.0042     4.0180     4.0180     0.0000
 18   0     0.9824     1.0000     0.0176     0.9776     0.9776     0.0000
 19   0     0.9823     1.0000     0.0177     0.9776     0.9776     0.0000
 20   0     5.9567     6.0000     0.0433     4.0240     4.0237     0.0003
 21   0     0.9691     1.0000     0.0309     0.9694     0.9693     0.0001
 22   0     0.9692     1.0000     0.0308     0.9699     0.9698     0.0001
 23   0     6.0353     6.0000    -0.0353     4.1128     4.1128     0.0000
 24   0     0.9859     1.0000     0.0141     0.9632     0.9632     0.0000
 25   0     0.9856     1.0000     0.0144     0.9629     0.9629     0.0000
 26   0     6.0247     6.0000    -0.0247     4.1189     4.1189     0.0000
 27   0     0.9941     1.0000     0.0059     0.9676     0.9676     0.0000
 28   0     0.9941     1.0000     0.0059     0.9676     0.9676     0.0000
 29   0     5.9963     6.0000     0.0037     4.0167     4.0167     0.0000
 30   0     0.9838     1.0000     0.0162     0.9772     0.9772     0.0000
 31   0     0.9837     1.0000     0.0163     0.9772     0.9772     0.0000
 32   0     6.5940     6.0000    -0.5940     3.4046     3.4033     0.0013
 33   0     1.0311     1.0000    -0.0311     1.0298     1.0298     0.0000
 34   0     0.9871     1.0000     0.0129     0.9733     0.9733     0.0000
 35   0     0.9877     1.0000     0.0123     0.9734     0.9734     0.0000
 36   0     1.0492     1.0000    -0.0492     0.9757     0.9756     0.0001
      Bond orders larger than 0.1000000
           Atom A     A.N. of A          Atom B    A.N. of B              Bond order
                0             6               4            6                0.902220
                0             6              32            6                2.142266
                1             6               2            6                1.293364
                1             6               6            6                1.470455
                1             6              36            1                0.931776
                2             6               3            6                1.303540
                2             6               9            6                1.305722
                3             6               4            6                1.446530
                3             6               7            1                0.925955
                4             6               5            6                1.364396
                5             6               6            6                1.409729
                5             6              20            6                1.092206
                6             6               8            1                0.918439
                9             6              10            1                0.930155
                9             6              11            6                1.081729
               11             6              12            1                0.913434
               11             6              13            1                0.913378
               11             6              14            6                1.070954
               14             6              15            1                0.944122
               14             6              16            1                0.944111
               14             6              17            6                1.106426
               17             6              18            1                0.965656
               17             6              19            1                0.965661
               17             6              34            1                0.961326
               20             6              21            1                0.898217
               20             6              22            1                0.898220
               20             6              23            6                1.100455
               23             6              24            1                0.930062
               23             6              25            1                0.929554
               23             6              26            6                1.076266
               26             6              27            1                0.941080
               26             6              28            1                0.941059
               26             6              29            6                1.105962
               29             6              30            1                0.966203
               29             6              31            1                0.966197
               29             6              35            1                0.961754
               32             6              33            1                1.116894
# -----------------------------------------------------------
$ PAL_Flags
   description: The PAL Flags
   geom. index: 2
   prop. index: 1
        Diskflag:     2
# -----------------------------------------------------------
$ SCF_Energy
   description: The SCF energy
   geom. index: 2
   prop. index: 1
        SCF Energy:     -621.8602757348
# -----------------------------------------------------------
$ DFT_Energy
   description: The DFT energy
   geom. index: 2
   prop. index: 1
   Number of Alpha Electrons                 59.0001086626 
   Number of Beta  Electrons                 58.0001026365 
   Total number of  Electrons               117.0002112991 
   Exchange energy                          -71.6226739977 
   Correlation energy                        -4.5074691556 
   Correlation energy NL                      0.0000000000 
   Exchange-Correlation energy              -76.1301431533 
   Embedding correction                       0.0000000000 
   Total DFT Energy (No VdW correction)    -621.8602757348 
# -----------------------------------------------------------
$ Mayer_Pop
   description: The Mayer population analysis
   geom. index: 2
   prop. index: 1
     Number of atoms                     : 37
     Threshold for printing              : 0.1000000
     Number of bond orders printed       : 37
  NA   - Mulliken gross atomic population
  ZA   - Total nuclear charge
  QA   - Mulliken gross atomic charge
  VA   - Mayer's total valence
  BVA  - Mayer's bonded valence
  FA   - Mayer's free valence
  ATOM       NA         ZA         QA         VA         BVA        FA
  0   0     5.3793     6.0000     0.6207     2.9128     2.9124     0.0004
  1   0     5.9718     6.0000     0.0282     3.9070     3.8722     0.0348
  2   0     5.9160     6.0000     0.0840     4.0919     4.0778     0.0141
  3   0     6.0028     6.0000    -0.0028     3.8787     3.8431     0.0356
  4   0     6.0434     6.0000    -0.0434     3.8465     3.8401     0.0064
  5   0     6.0855     6.0000    -0.0855     4.1583     4.1181     0.0402
  6   0     5.9726     6.0000     0.0274     3.9811     3.9734     0.0077
  7   0     1.0533     1.0000    -0.0533     1.0003     1.0002     0.0001
  8   0     1.0438     1.0000    -0.0438     0.9849     0.9849     0.0000
  9   0     6.0727     6.0000    -0.0727     3.9303     3.5224     0.4079
 10   0     1.0384     1.0000    -0.0384     0.9907     0.9893     0.0014
 11   0     5.9705     6.0000     0.0295     4.0141     4.0125     0.0016
 12   0     0.9722     1.0000     0.0278     0.9631     0.9619     0.0012
 13   0     0.9722     1.0000     0.0278     0.9631     0.9619     0.0012
 14   0     6.0400     6.0000    -0.0400     4.1296     4.1296     0.0000
 15   0     0.9886     1.0000     0.0114     0.9638     0.9638     0.0000
 16   0     0.9886     1.0000     0.0114     0.9638     0.9638     0.0000
 17   0     5.9959     6.0000     0.0041     4.0180     4.0180     0.0000
 18   0     0.9824     1.0000     0.0176     0.9776     0.9776     0.0000
 19   0     0.9823     1.0000     0.0177     0.9776     0.9776     0.0000
 20   0     5.9567     6.0000     0.0433     4.0242     4.0239     0.0003
 21   0     0.9692     1.0000     0.0308     0.9694     0.9693     0.0001
 22   0     0.9693     1.0000     0.0307     0.9699     0.9698     0.0001
 23   0     6.0348     6.0000    -0.0348     4.1125     4.1125     0.0000
 24   0     0.9860     1.0000     0.0140     0.9632     0.9632     0.0000
 25   0     0.9858     1.0000     0.0142     0.9629     0.9629     0.0000
 26   0     6.0248     6.0000    -0.0248     4.1190     4.1190     0.0000
 27   0     0.9942     1.0000     0.0058     0.9676     0.9676     0.0000
 28   0     0.9942     1.0000     0.0058     0.9676     0.9676     0.0000
 29   0     5.9963     6.0000     0.0037     4.0166     4.0166     0.0000
 30   0     0.9838     1.0000     0.0162     0.9772     0.9772     0.0000
 31   0     0.9838     1.0000     0.0162     0.9772     0.9772     0.0000
 32   0     6.5938     6.0000    -0.5938     3.4048     3.4035     0.0013
 33   0     1.0312     1.0000    -0.0312     1.0298     1.0298     0.0000
 34   0     0.9870     1.0000     0.0130     0.9733     0.9733     0.0000
 35   0     0.9876     1.0000     0.0124     0.9734     0.9734     0.0000
 36   0     1.0494     1.0000    -0.0494     0.9757     0.9756     0.0001
      Bond orders larger than 0.1000000
           Atom A     A.N. of A          Atom B    A.N. of B              Bond order
                0             6               4            6                0.902288
                0             6              32            6                2.142391
                1             6               2            6                1.293462
                1             6               6            6                1.470510
                1             6              36            1                0.931750
                2             6               3            6                1.303276
                2             6               9            6                1.305886
                3             6               4            6                1.446578
                3             6               7            1                0.925986
                4             6               5            6                1.364471
                5             6               6            6                1.409675
                5             6              20            6                1.092254
                6             6               8            1                0.918483
                9             6              10            1                0.930083
                9             6              11            6                1.081738
               11             6              12            1                0.913472
               11             6              13            1                0.913411
               11             6              14            6                1.070900
               14             6              15            1                0.944175
               14             6              16            1                0.944152
               14             6              17            6                1.106396
               17             6              18            1                0.965684
               17             6              19            1                0.965689
               17             6              34            1                0.961346
               20             6              21            1                0.898186
               20             6              22            1                0.898201
               20             6              23            6                1.100415
               23             6              24            1                0.930106
               23             6              25            1                0.929681
               23             6              26            6                1.076169
               26             6              27            1                0.941167
               26             6              28            1                0.941154
               26             6              29            6                1.105873
               29             6              30            1                0.966236
               29             6              31            1                0.966233
               29             6              35            1                0.961786
               32             6              33            1                1.116933
# -----------------------------------------------------------
$ SCF_Electric_Properties
   description: The SCF Calculated Electric Properties
   geom. index: 2
   prop. index: 1
       Filename                          : opt.scfp 
       Do Dipole Moment Calculation      : true 
       Do Quadrupole Moment Calculation  : false 
       Do Polarizability Calculation     : false 
** Dipole moment part of electric properties **
        Magnitude of dipole moment (Debye) :        0.3721398208
        Electronic Contribution:
                  0    
      0      -4.830514
      1       2.150615
      2      -0.059581
        Nuclear Contribution:
                  0    
      0       4.976905
      1      -2.150009
      2       0.061751
        Total Dipole moment:
                  0    
      0       0.146391
      1       0.000605
      2       0.002170
# -------------------------------------------------------------
----------------------- !GEOMETRIES! ------------------------
# -------------------------------------------------------------
------------------------ !GEOMETRY! -------------------------
    Number of atoms:    37 
    Geometry Index:     1 
    Coordinates:
               0 C     -2.935165686562   -0.017245934490   -0.032887788563
               1 C      1.295313034280    0.060650620968    0.045738831119
               2 C      0.589784952820    1.298331658107    0.025954862928
               3 C     -0.830449019191    1.218906241300   -0.000584702133
               4 C     -1.499978058402   -0.010143497831   -0.006372105143
               5 C     -0.775907546698   -1.238156273706    0.013452333940
               6 C      0.627794105561   -1.157122525222    0.039213517122
               7 H     -1.426108482476    2.132213600549   -0.017029479856
               8 H      1.215782849334   -2.075790897517    0.055050226976
               9 C      1.286786324664    2.533865925669    0.033042630818
              10 H      2.381427232747    2.490191453067    0.055741160807
              11 C      0.641215704645    3.886192689091    0.012890869334
              12 H     -0.011880226568    3.981089822950   -0.879853469798
              13 H     -0.049327210494    3.989324457631    0.876077356184
              14 C      1.643701520755    5.046977920923    0.028923742406
              15 H      2.283122231681    4.957953362199    0.926699739785
              16 H      2.321230890048    4.949585964399   -0.839643652473
              17 C      0.972891353505    6.421464402748    0.008098440882
              18 H      0.314321966825    6.559549078248    0.883245598344
              19 H      0.351341792173    6.550662494904   -0.894986392480
              20 C     -1.527122335913   -2.553741281554    0.007293302421
              21 H     -2.213092520135   -2.566957885034    0.875677133456
              22 H     -2.199091641781   -2.566539734101   -0.871721398245
              23 C     -0.683994136977   -3.831530474663    0.013545782360
              24 H     -0.010145599559   -3.841098602159   -0.863718059586
              25 H     -0.029794699954   -3.846200751010    0.905437408984
              26 C     -1.539481601219   -5.103659231961    0.001130827587
              27 H     -2.216313849521   -5.095805427027    0.876163593974
              28 H     -2.196051508417   -5.092054984966   -0.889094001613
              29 C     -0.708142779901   -6.388363419331    0.007757758391
              30 H     -0.067342964847   -6.447050498805    0.904867875929
              31 H     -0.045822848858   -6.442229874753   -0.873933400196
              32 C     -4.150683266470   -0.018078752721   -0.056828811123
              33 H     -5.222897484812   -0.014023339415   -0.081392873259
              34 H      1.717705087771    7.233365039632    0.019662427078
              35 H     -1.349093729382   -7.284711730914   -0.002415776458
              36 H      2.388871971329    0.077049354793    0.066730970099
------------------------ !GEOMETRY! -------------------------
    Number of atoms:    37 
    Geometry Index:     2 
    Coordinates:
               0 C     -2.934073386122   -0.018765607331   -0.033820568442
               1 C      1.296326273183    0.061617285530    0.042355298923
               2 C      0.590315539750    1.299012026609    0.023646251892
               3 C     -0.830012156955    1.218757760864   -0.002082941921
               4 C     -1.498941257480   -0.010709998098   -0.008375689856
               5 C     -0.774369934396   -1.238299669698    0.010896252806
               6 C      0.629304520868   -1.156514483637    0.035977975919
               7 H     -1.426643023280    2.131592335984   -0.017243433832
               8 H      1.218067936985   -2.074806162377    0.050924511558
               9 C      1.286598637378    2.534947597924    0.031265526131
              10 H      2.380845550828    2.491530128308    0.052873970590
              11 C      0.640773683255    3.887236695559    0.012786545614
              12 H     -0.012358444795    3.982869128980   -0.879700411167
              13 H     -0.049609556980    3.989014483663    0.876092402336
              14 C      1.643396976273    5.048244094755    0.030136835497
              15 H      2.282865100538    4.958143914585    0.927400198203
              16 H      2.320747724974    4.952085932365   -0.838264373246
              17 C      0.972654764292    6.422996142904    0.011072652705
              18 H      0.314264659244    6.559972199290    0.886339282326
              19 H      0.351320224537    6.553366061007   -0.891860439582
              20 C     -1.525236371535   -2.553953156010    0.005144436598
              21 H     -2.211934470258   -2.565965695448    0.872442778373
              22 H     -2.196234662496   -2.567265243330   -0.874138148028
              23 C     -0.682959351801   -3.832514631094    0.013733137815
              24 H     -0.008492076551   -3.844031336889   -0.862466467881
              25 H     -0.029866376312   -3.846911744295    0.905937020057
              26 C     -1.540345933948   -5.103811603084    0.002012080703
              27 H     -2.217941994954   -5.093519776011    0.875899343736
              28 H     -2.195918054080   -5.092106275069   -0.888500196764
              29 C     -0.711165333078   -6.390339862232    0.011268629890
              30 H     -0.071580725683   -6.448752360862    0.909013624868
              31 H     -0.048194507912   -6.446329735141   -0.869486351134
              32 C     -4.149636927015   -0.020449037570   -0.056777772465
              33 H     -5.221733888175   -0.017268798568   -0.080212931545
              34 H      1.717398605755    7.235047285840    0.023637902100
              35 H     -1.353741979300   -7.285749880179    0.001613313580
              36 H      2.389514035248    0.078500952757    0.062394233640
