-------------------------------------------------------------
----------------------- !PROPERTIES! ------------------------
-------------------------------------------------------------
# -------------------------------------------------------------
----------------------- !GEOMETRIES! ------------------------
# -------------------------------------------------------------
------------------------ !GEOMETRY! -------------------------
    Number of atoms:    48 
    Geometry Index:     1 
    Coordinates:
               0  C     -3.990473706058    0.213478688652   -0.298480560855
               1  C     -2.777441139200    0.134144431069   -0.263857676837
               2  C      2.880897016232   -0.106043412394   -0.120378547369
               3  C     -1.347815497048    0.049669357782   -0.226223514295
               4  C     -0.698776415246   -1.210494020530   -0.168569698784
               5  C      0.696295751790   -1.210879257162   -0.135530338235
               6  C      1.451284344347   -0.021099642515   -0.157551278578
               7  C      0.802211628362    1.239013843904   -0.215170717103
               8  C     -0.592868361223    1.239640991265   -0.247866181850
               9  H      1.240450354932   -2.153999872417   -0.091081843581
              10  H     -1.136911550068    2.182923888671   -0.291454244361
              11  C     -1.520781688257   -2.484995800886   -0.145489873082
              12  H     -2.176635714383   -2.488438705476   -1.035570386729
              13  H     -2.218060347661   -2.430465824054    0.710748454290
              14  C     -0.747610798809   -3.804843898509   -0.083669945009
              15  H     -0.066124499839   -3.881842971119   -0.950965505715
              16  H     -0.105187025721   -3.822788844945    0.816044277196
              17  C     -1.670989596883   -5.028982131412   -0.062709037115
              18  H     -2.353925630859   -4.954868811088    0.803924666301
              19  H     -2.318085822378   -5.012047376919   -0.959308699155
              20  C     -0.910579126598   -6.356189925039   -0.003882027575
              21  H     -0.279929686525   -6.416959624857    0.899944764854
              22  H     -0.247011392898   -6.477024917068   -0.877573174087
              23  C      1.625503078691    2.512447400405   -0.238701401150
              24  H      2.287807565916    2.510698745322    0.646514644136
              25  H      2.316549254007    2.461101594914   -1.100305719853
              26  C      0.854201971785    3.833513632632   -0.288321777020
              27  H      0.209211999037    3.860787838038   -1.185293086807
              28  H      0.179615069553    3.912600166941    0.582541311770
              29  C      1.785706162544    5.054697163801   -0.308651165580
              30  H      2.452362995888    5.030735587876    0.576528260986
              31  H      2.476200078340    4.960447464434   -1.179361239836
              32  C      1.070499120426    6.365993867018   -0.363118624050
              33  H      0.094600801632    6.402918276672   -0.863870241240
              34  C      1.766767427652    7.657330214820   -0.078816935690
              35  H      2.447342413905    7.917413033692   -0.923810692921
              36  H      2.441944112890    7.532628161993    0.791880892636
              37  C      0.820963164293    8.842123831438    0.167214278154
              38  H      0.163448065849    8.965422855484   -0.713282179041
              39  H      0.153758627706    8.598598514176    1.013688121116
              40  C      1.557033079396   10.154161931557    0.446887601471
              41  H      2.199384595512   10.070464430132    1.340681711640
              42  H      2.206392010198   10.437938469009   -0.399527248185
              43  C      4.093968884023   -0.186465553922   -0.089392750913
              44  H     -5.060140329022    0.285000231081   -0.327657142197
              45  H      5.163596902211   -0.258787519148   -0.060858170568
              46  H     -1.599741499104   -7.216105410910    0.012541577683
              47  H      0.852685860664   10.984082337589    0.619795293135
