-------------------------------------------------------------
----------------------- !PROPERTIES! ------------------------
-------------------------------------------------------------
# -----------------------------------------------------------
$ PAL_Flags
   description: The PAL Flags
   geom. index: 1
   prop. index: 1
        Diskflag:     2
# -----------------------------------------------------------
$ SCF_Energy
   description: The SCF energy
   geom. index: 1
   prop. index: 1
        SCF Energy:     -815.8029149944
# -----------------------------------------------------------
$ DFT_Energy
   description: The DFT energy
   geom. index: 1
   prop. index: 1
   Number of Alpha Electrons                 77.0001050436 
   Number of Beta  Electrons                 76.0000948881 
   Total number of  Electrons               153.0001999317 
   Exchange energy                          -93.8286010540 
   Correlation energy                        -5.8974085508 
   Correlation energy NL                      0.0000000000 
   Exchange-Correlation energy              -99.7260096048 
   Embedding correction                       0.0000000000 
   Total DFT Energy (No VdW correction)    -815.8029149944 
# -----------------------------------------------------------
$ Mayer_Pop
   description: The Mayer population analysis
   geom. index: 1
   prop. index: 1
     Number of atoms                     : 48
     Threshold for printing              : 0.1000000
     Number of bond orders printed       : 48
  NA   - Mulliken gross atomic population
  ZA   - Total nuclear charge
  QA   - Mulliken gross atomic charge
  VA   - Mayer's total valence
  BVA  - Mayer's bonded valence
  FA   - Mayer's free valence
  ATOM       NA         ZA         QA         VA         BVA        FA
  0   0     6.6046     6.0000    -0.6046     3.3876     3.3876     0.0000
  1   0     5.3724     6.0000     0.6276     2.8934     2.8934     0.0000
  2   0     5.3726     6.0000     0.6274     2.8914     2.8914     0.0000
  3   0     6.0392     6.0000    -0.0392     3.8143     3.8143     0.0000
  4   0     6.0644     6.0000    -0.0644     4.1276     4.1276     0.0000
  5   0     5.9790     6.0000     0.0210     3.8827     3.8827     0.0000
  6   0     6.0373     6.0000    -0.0373     3.8150     3.8150     0.0000
  7   0     6.0628     6.0000    -0.0628     4.1265     4.1265     0.0000
  8   0     5.9783     6.0000     0.0217     3.8803     3.8803     0.0000
  9   0     1.0513     1.0000    -0.0513     1.0031     1.0031     0.0000
 10   0     1.0512     1.0000    -0.0512     1.0031     1.0031     0.0000
 11   0     5.9569     6.0000     0.0431     4.0292     4.0292     0.0000
 12   0     0.9685     1.0000     0.0315     0.9697     0.9697     0.0000
 13   0     0.9685     1.0000     0.0315     0.9697     0.9697     0.0000
 14   0     6.0364     6.0000    -0.0364     4.1155     4.1155     0.0000
 15   0     0.9838     1.0000     0.0162     0.9629     0.9629     0.0000
 16   0     0.9836     1.0000     0.0164     0.9628     0.9628     0.0000
 17   0     6.0237     6.0000    -0.0237     4.1172     4.1172     0.0000
 18   0     0.9941     1.0000     0.0059     0.9674     0.9674     0.0000
 19   0     0.9941     1.0000     0.0059     0.9674     0.9674     0.0000
 20   0     5.9963     6.0000     0.0037     4.0168     4.0168     0.0000
 21   0     0.9831     1.0000     0.0169     0.9773     0.9773    -0.0000
 22   0     0.9830     1.0000     0.0170     0.9772     0.9772    -0.0000
 23   0     5.9544     6.0000     0.0456     4.0214     4.0214     0.0000
 24   0     0.9679     1.0000     0.0321     0.9696     0.9696     0.0000
 25   0     0.9681     1.0000     0.0319     0.9698     0.9698     0.0000
 26   0     6.0431     6.0000    -0.0431     4.1264     4.1263     0.0001
 27   0     0.9802     1.0000     0.0198     0.9614     0.9614     0.0000
 28   0     0.9793     1.0000     0.0207     0.9630     0.9630     0.0000
 29   0     5.9317     6.0000     0.0683     4.0007     3.9983     0.0024
 30   0     0.9932     1.0000     0.0068     0.9721     0.9717     0.0004
 31   0     0.9859     1.0000     0.0141     0.9652     0.9614     0.0038
 32   0     6.1136     6.0000    -0.1136     4.0039     3.2566     0.7473
 33   0     1.0166     1.0000    -0.0166     0.9902     0.9879     0.0023
 34   0     5.9602     6.0000     0.0398     4.0163     4.0138     0.0025
 35   0     0.9873     1.0000     0.0127     0.9644     0.9605     0.0039
 36   0     0.9953     1.0000     0.0047     0.9712     0.9708     0.0004
 37   0     6.0446     6.0000    -0.0446     4.1297     4.1296     0.0001
 38   0     0.9922     1.0000     0.0078     0.9653     0.9653     0.0000
 39   0     0.9912     1.0000     0.0088     0.9667     0.9667     0.0000
 40   0     6.0021     6.0000    -0.0021     4.0213     4.0213     0.0000
 41   0     0.9838     1.0000     0.0162     0.9770     0.9770     0.0000
 42   0     0.9841     1.0000     0.0159     0.9774     0.9774     0.0000
 43   0     6.6056     6.0000    -0.6056     3.3873     3.3873     0.0000
 44   0     1.0295     1.0000    -0.0295     1.0305     1.0305     0.0000
 45   0     1.0296     1.0000    -0.0296     1.0305     1.0305     0.0000
 46   0     0.9875     1.0000     0.0125     0.9734     0.9734    -0.0000
 47   0     0.9880     1.0000     0.0120     0.9735     0.9735     0.0000
      Bond orders larger than 0.1000000
           Atom A     A.N. of A          Atom B    A.N. of B              Bond order
                0             6               1            6                2.118568
                0             6              44            1                1.119012
                1             6               3            6                0.908508
                2             6               6            6                0.907303
                2             6              43            6                2.118154
                3             6               4            6                1.396662
                3             6               8            6                1.372104
                4             6               5            6                1.426512
                4             6              11            6                1.090472
                5             6               6            6                1.373163
                5             6               9            1                0.921447
                6             6               7            6                1.397552
                7             6               8            6                1.426662
                7             6              23            6                1.088703
                8             6              10            1                0.922143
               11             6              12            1                0.898057
               11             6              13            1                0.898178
               11             6              14            6                1.104158
               14             6              15            1                0.929338
               14             6              16            1                0.929233
               14             6              17            6                1.075175
               17             6              18            1                0.941025
               17             6              19            1                0.940999
               17             6              20            6                1.105945
               20             6              21            1                0.966211
               20             6              22            1                0.966265
               20             6              46            1                0.961725
               23             6              24            1                0.897170
               23             6              25            1                0.896953
               23             6              26            6                1.102607
               26             6              27            1                0.927597
               26             6              28            1                0.931135
               26             6              29            6                1.072360
               29             6              30            1                0.923913
               29             6              31            1                0.911355
               29             6              32            6                1.071462
               32             6              33            1                0.959455
               32             6              34            6                1.079535
               34             6              35            1                0.915891
               34             6              36            1                0.927856
               34             6              37            6                1.071444
               37             6              38            1                0.944442
               37             6              39            1                0.947210
               37             6              40            6                1.104881
               40             6              41            1                0.966710
               40             6              42            1                0.966418
               40             6              47            1                0.962728
               43             6              45            1                1.119174
# -----------------------------------------------------------
$ PAL_Flags
   description: The PAL Flags
   geom. index: 2
   prop. index: 1
        Diskflag:     2
# -----------------------------------------------------------
$ SCF_Energy
   description: The SCF energy
   geom. index: 2
   prop. index: 1
        SCF Energy:     -815.8029148617
# -----------------------------------------------------------
$ DFT_Energy
   description: The DFT energy
   geom. index: 2
   prop. index: 1
   Number of Alpha Electrons                 77.0001047311 
   Number of Beta  Electrons                 76.0000945743 
   Total number of  Electrons               153.0001993055 
   Exchange energy                          -93.8285815258 
   Correlation energy                        -5.8974073134 
   Correlation energy NL                      0.0000000000 
   Exchange-Correlation energy              -99.7259888393 
   Embedding correction                       0.0000000000 
   Total DFT Energy (No VdW correction)    -815.8029148617 
# -----------------------------------------------------------
$ Mayer_Pop
   description: The Mayer population analysis
   geom. index: 2
   prop. index: 1
     Number of atoms                     : 48
     Threshold for printing              : 0.1000000
     Number of bond orders printed       : 48
  NA   - Mulliken gross atomic population
  ZA   - Total nuclear charge
  QA   - Mulliken gross atomic charge
  VA   - Mayer's total valence
  BVA  - Mayer's bonded valence
  FA   - Mayer's free valence
  ATOM       NA         ZA         QA         VA         BVA        FA
  0   0     6.6046     6.0000    -0.6046     3.3876     3.3876     0.0000
  1   0     5.3724     6.0000     0.6276     2.8934     2.8934     0.0000
  2   0     5.3726     6.0000     0.6274     2.8914     2.8914     0.0000
  3   0     6.0392     6.0000    -0.0392     3.8143     3.8143     0.0000
  4   0     6.0644     6.0000    -0.0644     4.1276     4.1276     0.0000
  5   0     5.9790     6.0000     0.0210     3.8827     3.8827     0.0000
  6   0     6.0373     6.0000    -0.0373     3.8150     3.8150     0.0000
  7   0     6.0628     6.0000    -0.0628     4.1265     4.1265     0.0000
  8   0     5.9783     6.0000     0.0217     3.8803     3.8803     0.0000
  9   0     1.0513     1.0000    -0.0513     1.0031     1.0031     0.0000
 10   0     1.0512     1.0000    -0.0512     1.0031     1.0031     0.0000
 11   0     5.9569     6.0000     0.0431     4.0292     4.0292     0.0000
 12   0     0.9685     1.0000     0.0315     0.9697     0.9697     0.0000
 13   0     0.9685     1.0000     0.0315     0.9697     0.9697     0.0000
 14   0     6.0364     6.0000    -0.0364     4.1155     4.1155     0.0000
 15   0     0.9838     1.0000     0.0162     0.9629     0.9629     0.0000
 16   0     0.9836     1.0000     0.0164     0.9628     0.9628     0.0000
 17   0     6.0237     6.0000    -0.0237     4.1172     4.1172     0.0000
 18   0     0.9941     1.0000     0.0059     0.9674     0.9674     0.0000
 19   0     0.9941     1.0000     0.0059     0.9674     0.9674     0.0000
 20   0     5.9963     6.0000     0.0037     4.0168     4.0168     0.0000
 21   0     0.9831     1.0000     0.0169     0.9773     0.9773     0.0000
 22   0     0.9830     1.0000     0.0170     0.9772     0.9772     0.0000
 23   0     5.9544     6.0000     0.0456     4.0214     4.0214     0.0000
 24   0     0.9679     1.0000     0.0321     0.9696     0.9696     0.0000
 25   0     0.9681     1.0000     0.0319     0.9698     0.9698     0.0000
 26   0     6.0431     6.0000    -0.0431     4.1263     4.1262     0.0001
 27   0     0.9802     1.0000     0.0198     0.9614     0.9614     0.0000
 28   0     0.9793     1.0000     0.0207     0.9630     0.9630     0.0000
 29   0     5.9318     6.0000     0.0682     4.0007     3.9983     0.0024
 30   0     0.9932     1.0000     0.0068     0.9721     0.9717     0.0004
 31   0     0.9860     1.0000     0.0140     0.9652     0.9614     0.0038
 32   0     6.1135     6.0000    -0.1135     4.0038     3.2565     0.7473
 33   0     1.0166     1.0000    -0.0166     0.9902     0.9879     0.0023
 34   0     5.9602     6.0000     0.0398     4.0163     4.0138     0.0025
 35   0     0.9873     1.0000     0.0127     0.9644     0.9605     0.0039
 36   0     0.9953     1.0000     0.0047     0.9713     0.9709     0.0004
 37   0     6.0446     6.0000    -0.0446     4.1297     4.1296     0.0001
 38   0     0.9922     1.0000     0.0078     0.9653     0.9653     0.0000
 39   0     0.9912     1.0000     0.0088     0.9667     0.9667     0.0000
 40   0     6.0021     6.0000    -0.0021     4.0213     4.0213     0.0000
 41   0     0.9838     1.0000     0.0162     0.9771     0.9771     0.0000
 42   0     0.9841     1.0000     0.0159     0.9773     0.9773     0.0000
 43   0     6.6056     6.0000    -0.6056     3.3873     3.3873     0.0000
 44   0     1.0295     1.0000    -0.0295     1.0305     1.0305     0.0000
 45   0     1.0296     1.0000    -0.0296     1.0305     1.0305     0.0000
 46   0     0.9875     1.0000     0.0125     0.9734     0.9734     0.0000
 47   0     0.9880     1.0000     0.0120     0.9735     0.9735     0.0000
      Bond orders larger than 0.1000000
           Atom A     A.N. of A          Atom B    A.N. of B              Bond order
                0             6               1            6                2.118560
                0             6              44            1                1.119013
                1             6               3            6                0.908504
                2             6               6            6                0.907299
                2             6              43            6                2.118151
                3             6               4            6                1.396657
                3             6               8            6                1.372111
                4             6               5            6                1.426521
                4             6              11            6                1.090471
                5             6               6            6                1.373153
                5             6               9            1                0.921446
                6             6               7            6                1.397563
                7             6               8            6                1.426657
                7             6              23            6                1.088697
                8             6              10            1                0.922143
               11             6              12            1                0.898059
               11             6              13            1                0.898174
               11             6              14            6                1.104160
               14             6              15            1                0.929334
               14             6              16            1                0.929236
               14             6              17            6                1.075174
               17             6              18            1                0.941025
               17             6              19            1                0.940999
               17             6              20            6                1.105944
               20             6              21            1                0.966213
               20             6              22            1                0.966264
               20             6              46            1                0.961725
               23             6              24            1                0.897172
               23             6              25            1                0.896950
               23             6              26            6                1.102621
               26             6              27            1                0.927604
               26             6              28            1                0.931128
               26             6              29            6                1.072339
               29             6              30            1                0.923913
               29             6              31            1                0.911370
               29             6              32            6                1.071449
               32             6              33            1                0.959478
               32             6              34            6                1.079527
               34             6              35            1                0.915905
               34             6              36            1                0.927859
               34             6              37            6                1.071421
               37             6              38            1                0.944442
               37             6              39            1                0.947213
               37             6              40            6                1.104886
               40             6              41            1                0.966709
               40             6              42            1                0.966418
               40             6              47            1                0.962727
               43             6              45            1                1.119175
# -----------------------------------------------------------
$ SCF_Electric_Properties
   description: The SCF Calculated Electric Properties
   geom. index: 2
   prop. index: 1
       Filename                          : opt_cc-pVDZ.scfp 
       Do Dipole Moment Calculation      : true 
       Do Quadrupole Moment Calculation  : false 
       Do Polarizability Calculation     : false 
** Dipole moment part of electric properties **
        Magnitude of dipole moment (Debye) :        0.1362993582
        Electronic Contribution:
                  0    
      0      -2.255956
      1     -13.902791
      2      -1.360839
        Nuclear Contribution:
                  0    
      0       2.290393
      1      13.915069
      2       1.321612
        Total Dipole moment:
                  0    
      0       0.034437
      1       0.012278
      2      -0.039227
# -------------------------------------------------------------
----------------------- !GEOMETRIES! ------------------------
# -------------------------------------------------------------
------------------------ !GEOMETRY! -------------------------
    Number of atoms:    48 
    Geometry Index:     1 
    Coordinates:
               0 C     -3.990230804248    0.213841490765   -0.298689119034
               1 C     -2.777202015450    0.134401421632   -0.264167796659
               2 C      2.881117714757   -0.106320125403   -0.120938562656
               3 C     -1.347580119610    0.049789008181   -0.226693157186
               4 C     -0.698662680335   -1.210431597505   -0.168978111213
               5 C      0.696414148947   -1.210949108820   -0.136033333608
               6 C      1.451515650285   -0.021244208625   -0.158159019880
               7 C      0.802553536301    1.238941679500   -0.215585301979
               8 C     -0.592524578895    1.239697065550   -0.248218286966
               9 H      1.240484343173   -2.154117492792   -0.091566245260
              10 H     -1.136489771078    2.183031464205   -0.291657530599
              11 C     -1.520795553669   -2.484848703585   -0.145692637857
              12 H     -2.176646610109   -2.488350390478   -1.035775944879
              13 H     -2.218070435167   -2.430135331601    0.710535823705
              14 C     -0.747760470518   -3.804773935659   -0.083711016566
              15 H     -0.066510099339   -3.882052859140   -0.951168801955
              16 H     -0.105100161891   -3.822574132241    0.815836076251
              17 C     -1.671276843069   -5.028795500499   -0.062159440044
              18 H     -2.353765817173   -4.954481740735    0.804808756424
              19 H     -2.318821285322   -5.011893819331   -0.958436504089
              20 C     -0.911004318590   -6.356092485635   -0.003542015295
              21 H     -0.279818583846   -6.416782421201    0.899916040334
              22 H     -0.247976581989   -6.477180184685   -0.877607489711
              23 C      1.625960207664    2.512301907350   -0.238908559358
              24 H      2.288488813940    2.510214131409    0.646134736098
              25 H      2.316796780908    2.461153904981   -1.100696221028
              26 C      0.854746574509    3.833459228888   -0.287928390890
              27 H      0.209453310283    3.860975221850   -1.184671552922
              28 H      0.180475676074    3.912330688399    0.583194668042
              29 C      1.786297295453    5.054576751626   -0.308233539875
              30 H      2.452926318608    5.030614419790    0.576943060654
              31 H      2.476573513522    4.960569807308   -1.179156385025
              32 C      1.071032890800    6.365834506651   -0.362651277366
              33 H      0.095267357439    6.402624007585   -0.863681449053
              34 C      1.766851291466    7.657378333222   -0.078213028527
              35 H      2.447635839443    7.917282975420   -0.923106011977
              36 H      2.441558390989    7.532993255147    0.792881133228
              37 C      0.820543146519    8.841876142887    0.167055635657
              38 H      0.163438651161    8.964771836834   -0.713801883850
              39 H      0.153000866732    8.598335319745    1.013255265884
              40 C      1.555998764678   10.154268853838    0.446798779986
              41 H      2.197775924479   10.071071519866    1.341049582656
              42 H      2.205840697940   10.437943038699   -0.399281045259
              43 C      4.094180438057   -0.186870874215   -0.089942056912
              44 H     -5.059894942409    0.285440898609   -0.327738205780
              45 H      5.163802989398   -0.259276241885   -0.061370837717
              46 H     -1.600271306396   -7.215913115221    0.013459765008
              47 H      0.851264355580   10.984018819318    0.618925667045
------------------------ !GEOMETRY! -------------------------
    Number of atoms:    48 
    Geometry Index:     2 
    Coordinates:
               0 C     -3.990473706058    0.213478688652   -0.298480560855
               1 C     -2.777441139200    0.134144431069   -0.263857676837
               2 C      2.880897016232   -0.106043412394   -0.120378547369
               3 C     -1.347815497048    0.049669357782   -0.226223514295
               4 C     -0.698776415246   -1.210494020530   -0.168569698784
               5 C      0.696295751790   -1.210879257162   -0.135530338235
               6 C      1.451284344347   -0.021099642515   -0.157551278578
               7 C      0.802211628362    1.239013843904   -0.215170717103
               8 C     -0.592868361223    1.239640991265   -0.247866181850
               9 H      1.240450354932   -2.153999872417   -0.091081843581
              10 H     -1.136911550068    2.182923888671   -0.291454244361
              11 C     -1.520781688257   -2.484995800886   -0.145489873082
              12 H     -2.176635714383   -2.488438705476   -1.035570386729
              13 H     -2.218060347661   -2.430465824054    0.710748454290
              14 C     -0.747610798809   -3.804843898509   -0.083669945009
              15 H     -0.066124499839   -3.881842971119   -0.950965505715
              16 H     -0.105187025721   -3.822788844945    0.816044277196
              17 C     -1.670989596883   -5.028982131412   -0.062709037115
              18 H     -2.353925630859   -4.954868811088    0.803924666301
              19 H     -2.318085822378   -5.012047376919   -0.959308699155
              20 C     -0.910579126598   -6.356189925039   -0.003882027575
              21 H     -0.279929686525   -6.416959624857    0.899944764854
              22 H     -0.247011392898   -6.477024917068   -0.877573174087
              23 C      1.625503078691    2.512447400405   -0.238701401150
              24 H      2.287807565916    2.510698745322    0.646514644136
              25 H      2.316549254007    2.461101594914   -1.100305719853
              26 C      0.854201971785    3.833513632632   -0.288321777020
              27 H      0.209211999037    3.860787838038   -1.185293086807
              28 H      0.179615069553    3.912600166941    0.582541311770
              29 C      1.785706162544    5.054697163801   -0.308651165580
              30 H      2.452362995888    5.030735587876    0.576528260986
              31 H      2.476200078340    4.960447464434   -1.179361239836
              32 C      1.070499120426    6.365993867018   -0.363118624050
              33 H      0.094600801632    6.402918276672   -0.863870241240
              34 C      1.766767427652    7.657330214820   -0.078816935690
              35 H      2.447342413905    7.917413033692   -0.923810692921
              36 H      2.441944112890    7.532628161993    0.791880892636
              37 C      0.820963164293    8.842123831438    0.167214278154
              38 H      0.163448065849    8.965422855484   -0.713282179041
              39 H      0.153758627706    8.598598514176    1.013688121116
              40 C      1.557033079396   10.154161931557    0.446887601471
              41 H      2.199384595512   10.070464430132    1.340681711640
              42 H      2.206392010198   10.437938469009   -0.399527248185
              43 C      4.093968884023   -0.186465553922   -0.089392750913
              44 H     -5.060140329022    0.285000231081   -0.327657142197
              45 H      5.163596902211   -0.258787519148   -0.060858170568
              46 H     -1.599741499104   -7.216105410910    0.012541577683
              47 H      0.852685860664   10.984082337589    0.619795293135
