-------------------------------------------------------------
----------------------- !PROPERTIES! ------------------------
-------------------------------------------------------------
# -----------------------------------------------------------
$ PAL_Flags
   description: The PAL Flags
   geom. index: 1
   prop. index: 1
        Diskflag:     2
# -----------------------------------------------------------
$ SCF_Energy
   description: The SCF energy
   geom. index: 1
   prop. index: 1
        SCF Energy:     -815.8816780827
# -----------------------------------------------------------
$ DFT_Energy
   description: The DFT energy
   geom. index: 1
   prop. index: 1
   Number of Alpha Electrons                 77.0001013108 
   Number of Beta  Electrons                 76.0000791951 
   Total number of  Electrons               153.0001805060 
   Exchange energy                          -93.7442035788 
   Correlation energy                        -5.8994776256 
   Correlation energy NL                      0.0000000000 
   Exchange-Correlation energy              -99.6436812044 
   Embedding correction                       0.0000000000 
   Total DFT Energy (No VdW correction)    -815.8816780827 
# -----------------------------------------------------------
$ Mayer_Pop
   description: The Mayer population analysis
   geom. index: 1
   prop. index: 1
     Number of atoms                     : 48
     Threshold for printing              : 0.1000000
     Number of bond orders printed       : 50
  NA   - Mulliken gross atomic population
  ZA   - Total nuclear charge
  QA   - Mulliken gross atomic charge
  VA   - Mayer's total valence
  BVA  - Mayer's bonded valence
  FA   - Mayer's free valence
  ATOM       NA         ZA         QA         VA         BVA        FA
  0   0     6.5433     6.0000    -0.5433     3.8858     3.8858     0.0000
  1   0     5.9981     6.0000     0.0019     3.8133     3.8133     0.0000
  2   0     5.9976     6.0000     0.0024     3.8163     3.8163     0.0000
  3   0     5.6075     6.0000     0.3925     3.9538     3.9538     0.0000
  4   0     5.6656     6.0000     0.3344     3.8369     3.8369     0.0000
  5   0     6.4185     6.0000    -0.4185     4.3073     4.3073     0.0000
  6   0     5.6076     6.0000     0.3924     3.9609     3.9609     0.0000
  7   0     5.6629     6.0000     0.3371     3.8125     3.8125     0.0000
  8   0     6.4204     6.0000    -0.4204     4.3121     4.3121     0.0000
  9   0     0.8669     1.0000     0.1331     0.9663     0.9663     0.0000
 10   0     0.8665     1.0000     0.1335     0.9664     0.9664     0.0000
 11   0     6.3878     6.0000    -0.3878     4.0594     4.0594     0.0000
 12   0     0.8471     1.0000     0.1529     0.9629     0.9629     0.0000
 13   0     0.8470     1.0000     0.1530     0.9629     0.9629     0.0000
 14   0     6.2620     6.0000    -0.2620     4.0185     4.0185     0.0000
 15   0     0.8612     1.0000     0.1388     0.9669     0.9669     0.0000
 16   0     0.8613     1.0000     0.1387     0.9669     0.9669     0.0000
 17   0     6.2539     6.0000    -0.2539     3.8893     3.8893    -0.0000
 18   0     0.8580     1.0000     0.1420     0.9676     0.9676     0.0000
 19   0     0.8582     1.0000     0.1418     0.9677     0.9677    -0.0000
 20   0     6.5074     6.0000    -0.5074     3.9012     3.9012    -0.0000
 21   0     0.8426     1.0000     0.1574     0.9659     0.9659    -0.0000
 22   0     0.8425     1.0000     0.1575     0.9659     0.9659    -0.0000
 23   0     6.3936     6.0000    -0.3936     4.0654     4.0654     0.0000
 24   0     0.8462     1.0000     0.1538     0.9631     0.9631     0.0000
 25   0     0.8476     1.0000     0.1524     0.9643     0.9643     0.0000
 26   0     6.2887     6.0000    -0.2887     4.0070     4.0069     0.0001
 27   0     0.8561     1.0000     0.1439     0.9677     0.9677     0.0000
 28   0     0.8446     1.0000     0.1554     0.9623     0.9623     0.0000
 29   0     6.2708     6.0000    -0.2708     3.9312     3.9289     0.0023
 30   0     0.8546     1.0000     0.1454     0.9688     0.9684     0.0004
 31   0     0.8556     1.0000     0.1444     0.9661     0.9628     0.0033
 32   0     6.1282     6.0000    -0.1282     3.8465     3.0626     0.7839
 33   0     0.8882     1.0000     0.1118     0.9816     0.9786     0.0030
 34   0     6.2800     6.0000    -0.2800     3.9557     3.9531     0.0026
 35   0     0.8553     1.0000     0.1447     0.9653     0.9619     0.0034
 36   0     0.8575     1.0000     0.1425     0.9695     0.9691     0.0004
 37   0     6.2681     6.0000    -0.2681     3.9009     3.9008     0.0001
 38   0     0.8553     1.0000     0.1447     0.9675     0.9675     0.0000
 39   0     0.8446     1.0000     0.1554     0.9629     0.9629     0.0000
 40   0     6.5067     6.0000    -0.5067     3.8939     3.8939     0.0000
 41   0     0.8421     1.0000     0.1579     0.9653     0.9653     0.0000
 42   0     0.8435     1.0000     0.1565     0.9661     0.9661     0.0000
 43   0     6.5423     6.0000    -0.5423     3.8864     3.8864     0.0000
 44   0     0.8174     1.0000     0.1826     0.9773     0.9773     0.0000
 45   0     0.8175     1.0000     0.1825     0.9774     0.9774     0.0000
 46   0     0.8572     1.0000     0.1428     0.9671     0.9671     0.0000
 47   0     0.8544     1.0000     0.1456     0.9669     0.9669     0.0000
      Bond orders larger than 0.1000000
           Atom A     A.N. of A          Atom B    A.N. of B              Bond order
                0             6               1            6                2.700675
                0             6              44            1                0.984284
                1             6               3            6                0.912641
                2             6               6            6                0.917451
                2             6              43            6                2.698195
                3             6               4            6                1.370970
                3             6               5            6                0.116379
                3             6               8            6                1.418335
                4             6               5            6                1.437735
                4             6              11            6                0.944130
                5             6               6            6                1.424301
                5             6               9            1                0.971561
                6             6               7            6                1.359850
                6             6               8            6                0.116879
                7             6               8            6                1.439844
                7             6              23            6                0.938452
                8             6              10            1                0.972017
               11             6              12            1                0.960417
               11             6              13            1                0.960567
               11             6              14            6                1.021211
               14             6              15            1                0.960631
               14             6              16            1                0.960491
               14             6              17            6                0.987665
               17             6              18            1                0.971287
               17             6              19            1                0.971148
               17             6              20            6                0.954050
               20             6              21            1                0.972910
               20             6              22            1                0.972992
               20             6              46            1                0.967660
               23             6              24            1                0.959759
               23             6              25            1                0.961868
               23             6              26            6                1.015979
               26             6              27            1                0.963396
               26             6              28            1                0.956955
               26             6              29            6                0.974557
               29             6              30            1                0.968185
               29             6              31            1                0.956725
               29             6              32            6                0.976683
               32             6              33            1                1.007552
               32             6              34            6                0.978934
               34             6              35            1                0.956514
               34             6              36            1                0.973516
               34             6              37            6                0.982766
               37             6              38            1                0.976429
               37             6              39            1                0.972061
               37             6              40            6                0.957433
               40             6              41            1                0.971297
               40             6              42            1                0.973115
               40             6              47            1                0.968706
               43             6              45            1                0.984220
# -----------------------------------------------------------
$ PAL_Flags
   description: The PAL Flags
   geom. index: 2
   prop. index: 1
        Diskflag:     2
# -----------------------------------------------------------
$ SCF_Energy
   description: The SCF energy
   geom. index: 2
   prop. index: 1
        SCF Energy:     -815.8828194223
# -----------------------------------------------------------
$ DFT_Energy
   description: The DFT energy
   geom. index: 2
   prop. index: 1
   Number of Alpha Electrons                 77.0001016560 
   Number of Beta  Electrons                 76.0000810157 
   Total number of  Electrons               153.0001826717 
   Exchange energy                          -93.7666290703 
   Correlation energy                        -5.9000528839 
   Correlation energy NL                      0.0000000000 
   Exchange-Correlation energy              -99.6666819542 
   Embedding correction                       0.0000000000 
   Total DFT Energy (No VdW correction)    -815.8828194223 
# -----------------------------------------------------------
$ PAL_Flags
   description: The PAL Flags
   geom. index: 3
   prop. index: 1
        Diskflag:     2
# -----------------------------------------------------------
$ SCF_Energy
   description: The SCF energy
   geom. index: 3
   prop. index: 1
        SCF Energy:     -815.8828828321
# -----------------------------------------------------------
$ DFT_Energy
   description: The DFT energy
   geom. index: 3
   prop. index: 1
   Number of Alpha Electrons                 77.0001048441 
   Number of Beta  Electrons                 76.0000847961 
   Total number of  Electrons               153.0001896402 
   Exchange energy                          -93.7649612280 
   Correlation energy                        -5.8997732440 
   Correlation energy NL                      0.0000000000 
   Exchange-Correlation energy              -99.6647344719 
   Embedding correction                       0.0000000000 
   Total DFT Energy (No VdW correction)    -815.8828828321 
# -----------------------------------------------------------
$ PAL_Flags
   description: The PAL Flags
   geom. index: 4
   prop. index: 1
        Diskflag:     2
# -----------------------------------------------------------
$ SCF_Energy
   description: The SCF energy
   geom. index: 4
   prop. index: 1
        SCF Energy:     -815.8828984789
# -----------------------------------------------------------
$ DFT_Energy
   description: The DFT energy
   geom. index: 4
   prop. index: 1
   Number of Alpha Electrons                 77.0001066477 
   Number of Beta  Electrons                 76.0000868864 
   Total number of  Electrons               153.0001935341 
   Exchange energy                          -93.7626772356 
   Correlation energy                        -5.8995645826 
   Correlation energy NL                      0.0000000000 
   Exchange-Correlation energy              -99.6622418182 
   Embedding correction                       0.0000000000 
   Total DFT Energy (No VdW correction)    -815.8828984789 
# -----------------------------------------------------------
$ PAL_Flags
   description: The PAL Flags
   geom. index: 5
   prop. index: 1
        Diskflag:     2
# -----------------------------------------------------------
$ SCF_Energy
   description: The SCF energy
   geom. index: 5
   prop. index: 1
        SCF Energy:     -815.8828998457
# -----------------------------------------------------------
$ DFT_Energy
   description: The DFT energy
   geom. index: 5
   prop. index: 1
   Number of Alpha Electrons                 77.0001070198 
   Number of Beta  Electrons                 76.0000872933 
   Total number of  Electrons               153.0001943131 
   Exchange energy                          -93.7624057270 
   Correlation energy                        -5.8995551202 
   Correlation energy NL                      0.0000000000 
   Exchange-Correlation energy              -99.6619608471 
   Embedding correction                       0.0000000000 
   Total DFT Energy (No VdW correction)    -815.8828998457 
# -----------------------------------------------------------
$ PAL_Flags
   description: The PAL Flags
   geom. index: 6
   prop. index: 1
        Diskflag:     2
# -----------------------------------------------------------
$ SCF_Energy
   description: The SCF energy
   geom. index: 6
   prop. index: 1
        SCF Energy:     -815.8828997304
# -----------------------------------------------------------
$ DFT_Energy
   description: The DFT energy
   geom. index: 6
   prop. index: 1
   Number of Alpha Electrons                 77.0001069374 
   Number of Beta  Electrons                 76.0000871994 
   Total number of  Electrons               153.0001941367 
   Exchange energy                          -93.7625349288 
   Correlation energy                        -5.8995743233 
   Correlation energy NL                      0.0000000000 
   Exchange-Correlation energy              -99.6621092521 
   Embedding correction                       0.0000000000 
   Total DFT Energy (No VdW correction)    -815.8828997304 
# -----------------------------------------------------------
$ Mayer_Pop
   description: The Mayer population analysis
   geom. index: 6
   prop. index: 1
     Number of atoms                     : 48
     Threshold for printing              : 0.1000000
     Number of bond orders printed       : 50
  NA   - Mulliken gross atomic population
  ZA   - Total nuclear charge
  QA   - Mulliken gross atomic charge
  VA   - Mayer's total valence
  BVA  - Mayer's bonded valence
  FA   - Mayer's free valence
  ATOM       NA         ZA         QA         VA         BVA        FA
  0   0     6.5383     6.0000    -0.5383     3.8879     3.8879     0.0000
  1   0     6.0041     6.0000    -0.0041     3.8120     3.8120     0.0000
  2   0     6.0035     6.0000    -0.0035     3.8151     3.8151     0.0000
  3   0     5.6100     6.0000     0.3900     3.9371     3.9371     0.0000
  4   0     5.6741     6.0000     0.3259     3.8366     3.8366     0.0000
  5   0     6.4130     6.0000    -0.4130     4.2976     4.2976     0.0000
  6   0     5.6104     6.0000     0.3896     3.9444     3.9444     0.0000
  7   0     5.6714     6.0000     0.3286     3.8120     3.8120     0.0000
  8   0     6.4151     6.0000    -0.4151     4.3020     4.3020     0.0000
  9   0     0.8649     1.0000     0.1351     0.9658     0.9658     0.0000
 10   0     0.8645     1.0000     0.1355     0.9658     0.9658     0.0000
 11   0     6.3901     6.0000    -0.3901     4.0547     4.0547     0.0000
 12   0     0.8444     1.0000     0.1556     0.9621     0.9621     0.0000
 13   0     0.8445     1.0000     0.1555     0.9622     0.9622     0.0000
 14   0     6.2674     6.0000    -0.2674     4.0139     4.0139     0.0000
 15   0     0.8583     1.0000     0.1417     0.9662     0.9662     0.0000
 16   0     0.8584     1.0000     0.1416     0.9664     0.9664     0.0000
 17   0     6.2628     6.0000    -0.2628     3.8885     3.8885    -0.0000
 18   0     0.8551     1.0000     0.1449     0.9669     0.9669     0.0000
 19   0     0.8552     1.0000     0.1448     0.9670     0.9670     0.0000
 20   0     6.5102     6.0000    -0.5102     3.9006     3.9006    -0.0000
 21   0     0.8405     1.0000     0.1595     0.9653     0.9653     0.0000
 22   0     0.8404     1.0000     0.1596     0.9653     0.9653     0.0000
 23   0     6.3953     6.0000    -0.3953     4.0605     4.0605     0.0000
 24   0     0.8438     1.0000     0.1562     0.9624     0.9624     0.0000
 25   0     0.8450     1.0000     0.1550     0.9636     0.9636     0.0000
 26   0     6.2947     6.0000    -0.2947     4.0032     4.0031     0.0001
 27   0     0.8533     1.0000     0.1467     0.9671     0.9671     0.0000
 28   0     0.8421     1.0000     0.1579     0.9617     0.9617     0.0000
 29   0     6.2745     6.0000    -0.2745     3.9265     3.9242     0.0023
 30   0     0.8518     1.0000     0.1482     0.9683     0.9679     0.0004
 31   0     0.8525     1.0000     0.1475     0.9654     0.9625     0.0029
 32   0     6.1357     6.0000    -0.1357     3.8441     3.0513     0.7928
 33   0     0.8854     1.0000     0.1146     0.9811     0.9781     0.0030
 34   0     6.2832     6.0000    -0.2832     3.9509     3.9484     0.0025
 35   0     0.8520     1.0000     0.1480     0.9644     0.9614     0.0030
 36   0     0.8546     1.0000     0.1454     0.9689     0.9685     0.0004
 37   0     6.2768     6.0000    -0.2768     3.8997     3.8996     0.0001
 38   0     0.8523     1.0000     0.1477     0.9668     0.9668     0.0000
 39   0     0.8417     1.0000     0.1583     0.9622     0.9622     0.0000
 40   0     6.5098     6.0000    -0.5098     3.8935     3.8935     0.0000
 41   0     0.8399     1.0000     0.1601     0.9647     0.9647     0.0000
 42   0     0.8413     1.0000     0.1587     0.9655     0.9655     0.0000
 43   0     6.5374     6.0000    -0.5374     3.8884     3.8884     0.0000
 44   0     0.8160     1.0000     0.1840     0.9772     0.9772     0.0000
 45   0     0.8162     1.0000     0.1838     0.9772     0.9772     0.0000
 46   0     0.8555     1.0000     0.1445     0.9668     0.9668     0.0000
 47   0     0.8527     1.0000     0.1473     0.9665     0.9665     0.0000
      Bond orders larger than 0.1000000
           Atom A     A.N. of A          Atom B    A.N. of B              Bond order
                0             6               1            6                2.706615
                0             6              44            1                0.983343
                1             6               3            6                0.909303
                2             6               6            6                0.914011
                2             6              43            6                2.704160
                3             6               4            6                1.368680
                3             6               5            6                0.113285
                3             6               8            6                1.416528
                4             6               5            6                1.438454
                4             6              11            6                0.943928
                5             6               6            6                1.422555
                5             6               9            1                0.970277
                6             6               7            6                1.357980
                6             6               8            6                0.113646
                7             6               8            6                1.440740
                7             6              23            6                0.938154
                8             6              10            1                0.970674
               11             6              12            1                0.960581
               11             6              13            1                0.960707
               11             6              14            6                1.019808
               14             6              15            1                0.961497
               14             6              16            1                0.961294
               14             6              17            6                0.985798
               17             6              18            1                0.971931
               17             6              19            1                0.971727
               17             6              20            6                0.954341
               20             6              21            1                0.972929
               20             6              22            1                0.973024
               20             6              46            1                0.967829
               23             6              24            1                0.959707
               23             6              25            1                0.962079
               23             6              26            6                1.014574
               26             6              27            1                0.964596
               26             6              28            1                0.957385
               26             6              29            6                0.973215
               29             6              30            1                0.969667
               29             6              31            1                0.957788
               29             6              32            6                0.972935
               32             6              33            1                1.006940
               32             6              34            6                0.976223
               34             6              35            1                0.957629
               34             6              36            1                0.974432
               34             6              37            6                0.981586
               37             6              38            1                0.976803
               37             6              39            1                0.972345
               37             6              40            6                0.957623
               40             6              41            1                0.971379
               40             6              42            1                0.973156
               40             6              47            1                0.968792
               43             6              45            1                0.983253
# -----------------------------------------------------------
$ SCF_Electric_Properties
   description: The SCF Calculated Electric Properties
   geom. index: 6
   prop. index: 1
       Filename                          : opt_EPRII.scfp 
       Do Dipole Moment Calculation      : true 
       Do Quadrupole Moment Calculation  : false 
       Do Polarizability Calculation     : false 
** Dipole moment part of electric properties **
        Magnitude of dipole moment (Debye) :        0.1772094126
        Electronic Contribution:
                  0    
      0      -2.222781
      1     -13.913916
      2      -1.651230
        Nuclear Contribution:
                  0    
      0       2.275860
      1      13.932122
      2       1.609856
        Total Dipole moment:
                  0    
      0       0.053079
      1       0.018206
      2      -0.041374
# -------------------------------------------------------------
----------------------- !GEOMETRIES! ------------------------
# -------------------------------------------------------------
------------------------ !GEOMETRY! -------------------------
    Number of atoms:    48 
    Geometry Index:     1 
    Coordinates:
               0 C     -3.990230804248    0.213841490765   -0.298689119034
               1 C     -2.777202015450    0.134401421632   -0.264167796659
               2 C      2.881117714757   -0.106320125403   -0.120938562656
               3 C     -1.347580119610    0.049789008181   -0.226693157186
               4 C     -0.698662680335   -1.210431597505   -0.168978111213
               5 C      0.696414148947   -1.210949108820   -0.136033333608
               6 C      1.451515650285   -0.021244208625   -0.158159019880
               7 C      0.802553536301    1.238941679500   -0.215585301979
               8 C     -0.592524578895    1.239697065550   -0.248218286966
               9 H      1.240484343173   -2.154117492792   -0.091566245260
              10 H     -1.136489771078    2.183031464205   -0.291657530599
              11 C     -1.520795553669   -2.484848703585   -0.145692637857
              12 H     -2.176646610109   -2.488350390478   -1.035775944879
              13 H     -2.218070435167   -2.430135331601    0.710535823705
              14 C     -0.747760470518   -3.804773935659   -0.083711016566
              15 H     -0.066510099339   -3.882052859140   -0.951168801955
              16 H     -0.105100161891   -3.822574132241    0.815836076251
              17 C     -1.671276843069   -5.028795500499   -0.062159440044
              18 H     -2.353765817173   -4.954481740735    0.804808756424
              19 H     -2.318821285322   -5.011893819331   -0.958436504089
              20 C     -0.911004318590   -6.356092485635   -0.003542015295
              21 H     -0.279818583846   -6.416782421201    0.899916040334
              22 H     -0.247976581989   -6.477180184685   -0.877607489711
              23 C      1.625960207664    2.512301907350   -0.238908559358
              24 H      2.288488813940    2.510214131409    0.646134736098
              25 H      2.316796780908    2.461153904981   -1.100696221028
              26 C      0.854746574509    3.833459228888   -0.287928390890
              27 H      0.209453310283    3.860975221850   -1.184671552922
              28 H      0.180475676074    3.912330688399    0.583194668042
              29 C      1.786297295453    5.054576751626   -0.308233539875
              30 H      2.452926318608    5.030614419790    0.576943060654
              31 H      2.476573513522    4.960569807308   -1.179156385025
              32 C      1.071032890800    6.365834506651   -0.362651277366
              33 H      0.095267357439    6.402624007585   -0.863681449053
              34 C      1.766851291466    7.657378333222   -0.078213028527
              35 H      2.447635839443    7.917282975420   -0.923106011977
              36 H      2.441558390989    7.532993255147    0.792881133228
              37 C      0.820543146519    8.841876142887    0.167055635657
              38 H      0.163438651161    8.964771836834   -0.713801883850
              39 H      0.153000866732    8.598335319745    1.013255265884
              40 C      1.555998764678   10.154268853838    0.446798779986
              41 H      2.197775924479   10.071071519866    1.341049582656
              42 H      2.205840697940   10.437943038699   -0.399281045259
              43 C      4.094180438057   -0.186870874215   -0.089942056912
              44 H     -5.059894942409    0.285440898609   -0.327738205780
              45 H      5.163802989398   -0.259276241885   -0.061370837717
              46 H     -1.600271306396   -7.215913115221    0.013459765008
              47 H      0.851264355580   10.984018819318    0.618925667045
------------------------ !GEOMETRY! -------------------------
    Number of atoms:    48 
    Geometry Index:     2 
    Coordinates:
               0 C     -3.999094160514    0.214670422984   -0.304278790666
               1 C     -2.782100984862    0.135059863263   -0.270787190955
               2 C      2.885014035184   -0.113236064663   -0.129672433632
               3 C     -1.350252203791    0.048435809450   -0.234500907449
               4 C     -0.702039360149   -1.215184554492   -0.174557979291
               5 C      0.695908821243   -1.217879846435   -0.142481813529
               6 C      1.453221930741   -0.026182877119   -0.166822141353
               7 C      0.805008438263    1.237422362748   -0.225310565014
               8 C     -0.592949975648    1.240353370815   -0.258126778873
               9 H      1.235420006234   -2.157027162632   -0.096743495717
              10 H     -1.132422872981    2.179693284172   -0.301588377367
              11 C     -1.527036031210   -2.491261605644   -0.146956691424
              12 H     -2.178400296706   -2.498361625627   -1.032284328455
              13 H     -2.218615482114   -2.434770622708    0.705451242350
              14 C     -0.750831207639   -3.813200346645   -0.080738906664
              15 H     -0.074753917384   -3.893276498661   -0.943571121308
              16 H     -0.111797003446   -3.827661291610    0.813336268741
              17 C     -1.675146400245   -5.041113381537   -0.053694549364
              18 H     -2.352393059143   -4.965081021523    0.808421331303
              19 H     -2.318594768388   -5.029210572335   -0.944470819471
              20 C     -0.910963291801   -6.371314946040    0.010135017913
              21 H     -0.283533859647   -6.426352017240    0.907602391846
              22 H     -0.252824586368   -6.493611553194   -0.858204508811
              23 C      1.631344222702    2.512351101970   -0.247733572824
              24 H      2.287767573863    2.510669968183    0.633844357830
              25 H      2.318087294514    2.462223514890   -1.104620113288
              26 C      0.857323237575    3.835506898525   -0.297119685169
              27 H      0.218829331678    3.864275673079   -1.190617523124
              28 H      0.185176373225    3.912517098775    0.567412570708
              29 C      1.790722140388    5.059388656683   -0.312276425543
              30 H      2.447929274083    5.034298963942    0.571303462437
              31 H      2.480085840811    4.966945963535   -1.175167865238
              32 C      1.073548590378    6.374576747850   -0.367985072526
              33 H      0.105928461018    6.412339550950   -0.870380683888
              34 C      1.769432331237    7.669302846167   -0.073790315689
              35 H      2.450785757692    7.931193715654   -0.907996680402
              36 H      2.432641974881    7.543046397368    0.796832506633
              37 C      0.819664789392    8.856534358670    0.170364201300
              38 H      0.173338662056    8.983049639548   -0.709031570263
              39 H      0.151233369235    8.611959665168    1.006156344696
              40 C      1.556263742756   10.171277254517    0.461669727603
              41 H      2.188025997010   10.083258513369    1.353502689072
              42 H      2.207155713825   10.455811409192   -0.373718177457
              43 C      4.102020025232   -0.193837670834   -0.098712052899
              44 H     -5.061942174495    0.285749821404   -0.332174409509
              45 H      5.164804334445   -0.265614018881   -0.070461879056
              46 H     -1.594833192356   -7.226678545451    0.030961144908
              47 H      0.855435069224   10.995596780400    0.632218398878
------------------------ !GEOMETRY! -------------------------
    Number of atoms:    48 
    Geometry Index:     3 
    Coordinates:
               0 C     -3.999818884115    0.217689153988   -0.307288904380
               1 C     -2.782226912961    0.138461705846   -0.273614181758
               2 C      2.885687253208   -0.116549248631   -0.134897628605
               3 C     -1.349973151071    0.050335182282   -0.237018220419
               4 C     -0.703492234191   -1.214552747097   -0.176225560612
               5 C      0.695129823666   -1.219751269703   -0.144998322459
               6 C      1.453451136825   -0.027917181629   -0.170748480928
               7 C      0.807001827162    1.236967795040   -0.229980169733
               8 C     -0.591639442002    1.242389265130   -0.262313135535
               9 H      1.232797264324   -2.159508363990   -0.099043283475
              10 H     -1.129292848068    2.182290021265   -0.306841016461
              11 C     -1.530712257808   -2.490212644732   -0.146763158063
              12 H     -2.180336700111   -2.499105985228   -1.032281367776
              13 H     -2.219890886853   -2.432908043407    0.706417861310
              14 C     -0.751400687995   -3.811927920696   -0.078689121373
              15 H     -0.077626334317   -3.893562248842   -0.942086362445
              16 H     -0.113128624475   -3.824483672853    0.814913750764
              17 C     -1.676925844660   -5.040719354667   -0.048320226487
              18 H     -2.351947485685   -4.963909835972    0.814342343411
              19 H     -2.319319439632   -5.031984101340   -0.938805174477
              20 C     -0.909303223254   -6.371106986686    0.018122438807
              21 H     -0.281921231990   -6.421673506014    0.915031470098
              22 H     -0.252577453032   -6.493119773437   -0.850449555049
              23 C      1.635712989524    2.511378464131   -0.253551530602
              24 H      2.289992884602    2.510608055293    0.628560481275
              25 H      2.320481621844    2.460817063732   -1.110873114809
              26 C      0.859004042147    3.834580582183   -0.303808890781
              27 H      0.223518400964    3.863649945973   -1.198438264173
              28 H      0.186928507658    3.911133655218    0.559787615638
              29 C      1.794583680065    5.058595191181   -0.316319249168
              30 H      2.446314640141    5.033740320723    0.570140831533
              31 H      2.484987149254    4.966302279041   -1.176657696290
              32 C      1.075429013034    6.374728911125   -0.374601563943
              33 H      0.110496149581    6.413046864511   -0.880843415982
              34 C      1.770532839565    7.670045207411   -0.071552601144
              35 H      2.454619511836    7.935521150179   -0.900488537212
              36 H      2.425986081654    7.541435896835    0.803345990282
              37 C      0.816106346799    8.855842128011    0.171182931009
              38 H      0.176873568708    8.985981267652   -0.711740441050
              39 H      0.144360022388    8.608114057875    1.002232787518
              40 C      1.552520027238   10.170723851224    0.472672464954
              41 H      2.178504315108   10.077307399187    1.367169132204
              42 H      2.207205619925   10.457542932448   -0.358044709175
              43 C      4.103328059100   -0.196740431285   -0.105071463256
              44 H     -5.062841227940    0.288486083486   -0.335371922738
              45 H      5.166320083765   -0.268216993907   -0.077839795880
              46 H     -1.592300591591   -7.226328944619    0.041510278276
              47 H      0.850395111669   10.993218253763    0.642770919158
------------------------ !GEOMETRY! -------------------------
    Number of atoms:    48 
    Geometry Index:     4 
    Coordinates:
               0 C     -3.999489113304    0.217058243897   -0.310166568512
               1 C     -2.781736940506    0.139678713972   -0.277208625295
               2 C      2.885558410375   -0.116944456456   -0.140506080898
               3 C     -1.349307502913    0.051321867568   -0.241311561472
               4 C     -0.703763532511   -1.213840338618   -0.179092720944
               5 C      0.695071067562   -1.220177821695   -0.148567692127
               6 C      1.453152390692   -0.028089204828   -0.176130859776
               7 C      0.807632438787    1.237103864756   -0.236013634154
               8 C     -0.591209778371    1.243650730966   -0.267941849888
               9 H      1.232058721664   -2.160270563922   -0.101741719317
              10 H     -1.128215722530    2.183885700630   -0.313262588476
              11 C     -1.532511112518   -2.489198900128   -0.147270844138
              12 H     -2.180730384688   -2.500235284705   -1.033627244449
              13 H     -2.220110063230   -2.430487683243    0.706918446304
              14 C     -0.751595302820   -3.810827061373   -0.076503965710
              15 H     -0.079788632896   -3.895028508298   -0.941040421571
              16 H     -0.113762731266   -3.821331018628    0.817297991757
              17 C     -1.678502583530   -5.039443903155   -0.042093411011
              18 H     -2.351715343084   -4.960822866579    0.821703812608
              19 H     -2.320266220749   -5.033965352371   -0.932950092082
              20 C     -0.908892346632   -6.369831936291    0.027703630921
              21 H     -0.281141170832   -6.415746281606    0.924631116299
              22 H     -0.253348137041   -6.492586127651   -0.841688217699
              23 C      1.637912902351    2.511201094248   -0.260558507772
              24 H      2.290963230627    2.511007002465    0.622322927178
              25 H      2.320962212486    2.460405404338   -1.119044493313
              26 C      0.859825173025    3.834620064818   -0.310967958643
              27 H      0.226772088308    3.864576475015   -1.207168954557
              28 H      0.187717351625    3.910809392234    0.552498959985
              29 C      1.797528447535    5.058131207448   -0.320737668529
              30 H      2.444227573911    5.033319379836    0.569197747627
              31 H      2.489468082630    4.965744978470   -1.179386121904
              32 C      1.077522026282    6.374871790475   -0.381367489444
              33 H      0.115373853376    6.414564401836   -0.892736683935
              34 C      1.771836228939    7.669493390950   -0.068647171276
              35 H      2.459928733099    7.938659867423   -0.892583962406
              36 H      2.419344864087    7.537409515256    0.811446463859
              37 C      0.813892883207    8.853838691924    0.172493006647
              38 H      0.181885892318    8.988456282647   -0.714848207312
              39 H      0.137806320558    8.602824146293    0.998933400475
              40 C      1.550063896727   10.167655740692    0.484859173608
              41 H      2.170229986056   10.067978584417    1.382754053273
              42 H      2.209360151098   10.456877982301   -0.341390809088
              43 C      4.103355282544   -0.195161361577   -0.110910808358
              44 H     -5.062771519512    0.286423518732   -0.337687276725
              45 H      5.166605508858   -0.265108352140   -0.083903051871
              46 H     -1.592093560419   -7.224911911029    0.054266836731
              47 H      0.846488490626   10.989094330689    0.654663925379
------------------------ !GEOMETRY! -------------------------
    Number of atoms:    48 
    Geometry Index:     5 
    Coordinates:
               0 C     -3.999350919734    0.215270069104   -0.311057992613
               1 C     -2.781625142643    0.139409902904   -0.277874767662
               2 C      2.885236304557   -0.116286694231   -0.141916685086
               3 C     -1.349185330691    0.051372170953   -0.241614482571
               4 C     -0.703633341201   -1.213633853134   -0.179370288060
               5 C      0.695142454297   -1.219919738315   -0.149068502402
               6 C      1.452795837628   -0.027712244967   -0.176881829851
               7 C      0.807276419046    1.237312959407   -0.237202811353
               8 C     -0.591501124075    1.243808633157   -0.268904492136
               9 H      1.232241541596   -2.160036081032   -0.102288677367
              10 H     -1.128608905886    2.184050852945   -0.314685320132
              11 C     -1.532533001031   -2.488956259170   -0.147370889763
              12 H     -2.180163418320   -2.500423213239   -1.034239677262
              13 H     -2.219967015506   -2.430035746964    0.707023719720
              14 C     -0.751625147865   -3.810623418636   -0.075947840144
              15 H     -0.080465060556   -3.895629654087   -0.941020245100
              16 H     -0.113840842671   -3.820678281143    0.817999247141
              17 C     -1.678819414966   -5.039000934687   -0.040355012723
              18 H     -2.351448111239   -4.959827861538    0.823963433798
              19 H     -2.320511384201   -5.034364351298   -0.931382844892
              20 C     -0.908996599199   -6.369363594808    0.030256108810
              21 H     -0.280930822876   -6.413910123538    0.927142607496
              22 H     -0.253988912834   -6.492371026863   -0.839620306222
              23 C      1.637734981925    2.511339930117   -0.262666271503
              24 H      2.291110739061    2.511389703839    0.620065419423
              25 H      2.319745929949    2.460368883222   -1.122052043826
              26 C      0.859723411506    3.834919040671   -0.312728488514
              27 H      0.226964079780    3.865215931101   -1.209230988084
              28 H      0.188014418753    3.911154780910    0.551139971123
              29 C      1.797991967160    5.058138204139   -0.322171180131
              30 H      2.443206926186    5.033682222272    0.568919894894
              31 H      2.490400193902    4.965237285565   -1.180500004708
              32 C      1.078271466241    6.375020489408   -0.383955810082
              33 H      0.117612580854    6.415538719181   -0.898204826696
              34 C      1.772267683375    7.668941547434   -0.067532826813
              35 H      2.462542270840    7.939081296166   -0.889447097076
              36 H      2.416517498120    7.535269296882    0.814806919058
              37 C      0.813862586571    8.853202320127    0.172402553817
              38 H      0.184732195212    8.989522287825   -0.716838057750
              39 H      0.135697583622    8.601456104426    0.997035514977
              40 C      1.550046874386   10.166266685510    0.488541309723
              41 H      2.167962562370   10.064276461779    1.387838562852
              42 H      2.211281248236   10.455996626201   -0.336095804955
              43 C      4.103030632393   -0.192937095403   -0.112904501747
              44 H     -5.062741813120    0.283519447145   -0.338832769374
              45 H      5.166412092043   -0.261739578619   -0.086418964238
              46 H     -1.592465123930   -7.224320119452    0.057905176734
              47 H      0.846171462936   10.987661448737    0.657976091269
------------------------ !GEOMETRY! -------------------------
    Number of atoms:    48 
    Geometry Index:     6 
    Coordinates:
               0 C     -3.999402463513    0.213684766821   -0.312346111946
               1 C     -2.781645957492    0.139198603579   -0.279562835573
               2 C      2.885063997554   -0.115833338941   -0.143629987638
               3 C     -1.349190922669    0.051341936168   -0.243666895488
               4 C     -0.703563724089   -1.213529560531   -0.180788094143
               5 C      0.695159047572   -1.219679725926   -0.150528658171
               6 C      1.452624368145   -0.027473324649   -0.178967648577
               7 C      0.807016547715    1.237435965969   -0.239477295810
               8 C     -0.591702666290    1.243797333821   -0.271140508259
               9 H      1.232344410383   -2.159771297274   -0.103274906411
              10 H     -1.128899155556    2.184031741832   -0.317044802647
              11 C     -1.532391828130   -2.488816111872   -0.148153052949
              12 H     -2.179448284215   -2.501078906417   -1.035488448774
              13 H     -2.220162785135   -2.429220793222    0.705979078371
              14 C     -0.751709102032   -3.810466790670   -0.075234765874
              15 H     -0.080717872779   -3.896558423138   -0.940406087226
              16 H     -0.114006731822   -3.819586074391    0.818849367243
              17 C     -1.678891025349   -5.038704954500   -0.038189263580
              18 H     -2.351361026529   -4.958566392768    0.826231852810
              19 H     -2.320524497015   -5.035156540080   -0.929332480887
              20 C     -0.909129403192   -6.368998549779    0.033916067858
              21 H     -0.280879534000   -6.412177638063    0.930789359408
              22 H     -0.254408920766   -6.492930119443   -0.836096741707
              23 C      1.637399868661    2.511433294555   -0.265380217484
              24 H      2.291638820992    2.511234192346    0.616764525096
              25 H      2.318362101892    2.460718094936   -1.125674633573
              26 C      0.859604104995    3.835134729809   -0.314206129597
              27 H      0.226440147769    3.866022395620   -1.210469003222
              28 H      0.188545603217    3.911024875984    0.550256823990
              29 C      1.798012388942    5.058230447700   -0.323508581689
              30 H      2.442758583537    5.033856318464    0.567957678466
              31 H      2.490480359067    4.965092276809   -1.181865297077
              32 C      1.078709352821    6.375211295904   -0.385546221245
              33 H      0.119448994587    6.416636873123   -0.902426139562
              34 C      1.772366300829    7.668429757983   -0.065999714767
              35 H      2.464457074703    7.939372256360   -0.886230546985
              36 H      2.414408911297    7.533249770453    0.817778080105
              37 C      0.814059960584    8.852803617742    0.173337988309
              38 H      0.186783152962    8.990459998537   -0.717073547117
              39 H      0.134342745831    8.600514465752    0.996591189753
              40 C      1.550236225275   10.165208943986    0.492184418797
              41 H      2.166758855838   10.061584798748    1.392300629031
              42 H      2.212714299746   10.455496264128   -0.331307990293
              43 C      4.102878812941   -0.190996631609   -0.114313517136
              44 H     -5.062863582500    0.281032341092   -0.339843074800
              45 H      5.166322638411   -0.258815945023   -0.087578670423
              46 H     -1.592755196015   -7.223828421059    0.062835932505
              47 H      0.846309512819   10.986605611132    0.661613108891
