-------------------------------------------------------------
----------------------- !PROPERTIES! ------------------------
-------------------------------------------------------------
# -----------------------------------------------------------
$ PAL_Flags
   description: The PAL Flags
   geom. index: 1
   prop. index: 1
        Diskflag:     2
# -----------------------------------------------------------
$ SCF_Energy
   description: The SCF energy
   geom. index: 1
   prop. index: 1
        SCF Energy:     -815.8761307855
# -----------------------------------------------------------
$ DFT_Energy
   description: The DFT energy
   geom. index: 1
   prop. index: 1
   Number of Alpha Electrons                 77.0001498549 
   Number of Beta  Electrons                 76.0001606502 
   Total number of  Electrons               153.0003105051 
   Exchange energy                          -93.7413064624 
   Correlation energy                        -5.8985086570 
   Correlation energy NL                      0.0000000000 
   Exchange-Correlation energy              -99.6398151194 
   Embedding correction                       0.0000000000 
   Total DFT Energy (No VdW correction)    -815.8761307855 
# -----------------------------------------------------------
$ Mayer_Pop
   description: The Mayer population analysis
   geom. index: 1
   prop. index: 1
     Number of atoms                     : 48
     Threshold for printing              : 0.1000000
     Number of bond orders printed       : 50
  NA   - Mulliken gross atomic population
  ZA   - Total nuclear charge
  QA   - Mulliken gross atomic charge
  VA   - Mayer's total valence
  BVA  - Mayer's bonded valence
  FA   - Mayer's free valence
  ATOM       NA         ZA         QA         VA         BVA        FA
  0   0     6.5436     6.0000    -0.5436     3.8857     3.8857     0.0000
  1   0     5.9984     6.0000     0.0016     3.8135     3.8135     0.0000
  2   0     5.9973     6.0000     0.0027     3.8177     3.8177     0.0000
  3   0     5.6102     6.0000     0.3898     3.9501     3.9501     0.0000
  4   0     5.6637     6.0000     0.3363     3.8352     3.8352     0.0000
  5   0     6.4201     6.0000    -0.4201     4.3079     4.3079     0.0000
  6   0     5.6057     6.0000     0.3943     3.9596     3.9596    -0.0000
  7   0     5.6640     6.0000     0.3360     3.8092     3.8092     0.0000
  8   0     6.4191     6.0000    -0.4191     4.3135     4.3135     0.0000
  9   0     0.8668     1.0000     0.1332     0.9663     0.9663    -0.0000
 10   0     0.8667     1.0000     0.1333     0.9667     0.9667     0.0000
 11   0     6.3877     6.0000    -0.3877     4.0596     4.0596     0.0000
 12   0     0.8471     1.0000     0.1529     0.9629     0.9629     0.0000
 13   0     0.8470     1.0000     0.1530     0.9629     0.9629     0.0000
 14   0     6.2623     6.0000    -0.2623     4.0185     4.0185     0.0000
 15   0     0.8613     1.0000     0.1387     0.9670     0.9670     0.0000
 16   0     0.8612     1.0000     0.1388     0.9669     0.9669     0.0000
 17   0     6.2538     6.0000    -0.2538     3.8893     3.8893     0.0000
 18   0     0.8582     1.0000     0.1418     0.9677     0.9677     0.0000
 19   0     0.8580     1.0000     0.1420     0.9676     0.9676    -0.0000
 20   0     6.5074     6.0000    -0.5074     3.9012     3.9012     0.0000
 21   0     0.8425     1.0000     0.1575     0.9659     0.9659     0.0000
 22   0     0.8426     1.0000     0.1574     0.9659     0.9659     0.0000
 23   0     6.4010     6.0000    -0.4010     4.0610     4.0610    -0.0000
 24   0     0.8445     1.0000     0.1555     0.9630     0.9630     0.0000
 25   0     0.8449     1.0000     0.1551     0.9632     0.9632     0.0000
 26   0     6.2636     6.0000    -0.2636     3.9748     3.9748     0.0000
 27   0     0.8578     1.0000     0.1422     0.9677     0.9677     0.0000
 28   0     0.8586     1.0000     0.1414     0.9679     0.9679     0.0000
 29   0     6.2829     6.0000    -0.2829     3.9412     3.9412    -0.0000
 30   0     0.8576     1.0000     0.1424     0.9691     0.9691     0.0000
 31   0     0.8575     1.0000     0.1425     0.9691     0.9691     0.0000
 32   0     6.2815     6.0000    -0.2815     3.9374     3.9373     0.0001
 33   0     0.8554     1.0000     0.1446     0.9699     0.9699     0.0000
 34   0     0.8553     1.0000     0.1447     0.9698     0.9698     0.0000
 35   0     6.3019     6.0000    -0.3019     3.9109     3.9061     0.0048
 36   0     0.8446     1.0000     0.1554     0.9668     0.9668     0.0000
 37   0     0.8446     1.0000     0.1554     0.9668     0.9668     0.0000
 38   0     6.2226     6.0000    -0.2226     3.8817     3.8797     0.0020
 39   0     0.8530     1.0000     0.1470     0.9686     0.9684     0.0002
 40   0     0.8531     1.0000     0.1469     0.9686     0.9684     0.0002
 41   0     6.4319     6.0000    -0.4319     3.8506     2.9905     0.8601
 42   0     0.8345     1.0000     0.1655     0.9704     0.9684     0.0020
 43   0     0.8345     1.0000     0.1655     0.9704     0.9684     0.0020
 44   0     6.5421     6.0000    -0.5421     3.8865     3.8865     0.0000
 45   0     0.8173     1.0000     0.1827     0.9774     0.9774     0.0000
 46   0     0.8174     1.0000     0.1826     0.9773     0.9773     0.0000
 47   0     0.8571     1.0000     0.1429     0.9671     0.9671    -0.0000
      Bond orders larger than 0.1000000
           Atom A     A.N. of A          Atom B    A.N. of B              Bond order
                0             6               1            6                2.701471
                0             6              45            1                0.984299
                1             6               3            6                0.911670
                2             6               6            6                0.918611
                2             6              44            6                2.698171
                3             6               4            6                1.369761
                3             6               5            6                0.116405
                3             6               8            6                1.418227
                4             6               5            6                1.437864
                4             6              11            6                0.944004
                5             6               6            6                1.424144
                5             6               9            1                0.971500
                6             6               7            6                1.359232
                6             6               8            6                0.115421
                7             6               8            6                1.441793
                7             6              23            6                0.937086
                8             6              10            1                0.972171
               11             6              12            1                0.960521
               11             6              13            1                0.960428
               11             6              14            6                1.021188
               14             6              15            1                0.960515
               14             6              16            1                0.960635
               14             6              17            6                0.987637
               17             6              18            1                0.971139
               17             6              19            1                0.971246
               17             6              20            6                0.954099
               20             6              21            1                0.972987
               20             6              22            1                0.972919
               20             6              47            1                0.967640
               23             6              24            1                0.962016
               23             6              25            1                0.961553
               23             6              26            6                1.011387
               26             6              27            1                0.961204
               26             6              28            1                0.960544
               26             6              29            6                0.970478
               29             6              30            1                0.976009
               29             6              31            1                0.975889
               29             6              32            6                0.971622
               32             6              33            1                0.980215
               32             6              34            1                0.980140
               32             6              35            6                0.956387
               35             6              36            1                0.978800
               35             6              37            1                0.978820
               35             6              38            6                0.936862
               38             6              39            1                0.977531
               38             6              40            1                0.977519
               38             6              41            6                0.974658
               41             6              42            1                0.973467
               41             6              43            1                0.973463
               44             6              46            1                0.984171
# -----------------------------------------------------------
$ PAL_Flags
   description: The PAL Flags
   geom. index: 2
   prop. index: 1
        Diskflag:     2
# -----------------------------------------------------------
$ SCF_Energy
   description: The SCF energy
   geom. index: 2
   prop. index: 1
        SCF Energy:     -815.8772513860
# -----------------------------------------------------------
$ DFT_Energy
   description: The DFT energy
   geom. index: 2
   prop. index: 1
   Number of Alpha Electrons                 77.0001477497 
   Number of Beta  Electrons                 76.0001592241 
   Total number of  Electrons               153.0003069738 
   Exchange energy                          -93.7641764753 
   Correlation energy                        -5.8991440151 
   Correlation energy NL                      0.0000000000 
   Exchange-Correlation energy              -99.6633204904 
   Embedding correction                       0.0000000000 
   Total DFT Energy (No VdW correction)    -815.8772513860 
# -----------------------------------------------------------
$ PAL_Flags
   description: The PAL Flags
   geom. index: 3
   prop. index: 1
        Diskflag:     2
# -----------------------------------------------------------
$ SCF_Energy
   description: The SCF energy
   geom. index: 3
   prop. index: 1
        SCF Energy:     -815.8773094609
# -----------------------------------------------------------
$ DFT_Energy
   description: The DFT energy
   geom. index: 3
   prop. index: 1
   Number of Alpha Electrons                 77.0001493500 
   Number of Beta  Electrons                 76.0001603369 
   Total number of  Electrons               153.0003096869 
   Exchange energy                          -93.7624830040 
   Correlation energy                        -5.8988903408 
   Correlation energy NL                      0.0000000000 
   Exchange-Correlation energy              -99.6613733449 
   Embedding correction                       0.0000000000 
   Total DFT Energy (No VdW correction)    -815.8773094609 
# -----------------------------------------------------------
$ PAL_Flags
   description: The PAL Flags
   geom. index: 4
   prop. index: 1
        Diskflag:     2
# -----------------------------------------------------------
$ SCF_Energy
   description: The SCF energy
   geom. index: 4
   prop. index: 1
        SCF Energy:     -815.8773253272
# -----------------------------------------------------------
$ DFT_Energy
   description: The DFT energy
   geom. index: 4
   prop. index: 1
   Number of Alpha Electrons                 77.0001489602 
   Number of Beta  Electrons                 76.0001596354 
   Total number of  Electrons               153.0003085956 
   Exchange energy                          -93.7603012366 
   Correlation energy                        -5.8987026222 
   Correlation energy NL                      0.0000000000 
   Exchange-Correlation energy              -99.6590038588 
   Embedding correction                       0.0000000000 
   Total DFT Energy (No VdW correction)    -815.8773253272 
# -----------------------------------------------------------
$ PAL_Flags
   description: The PAL Flags
   geom. index: 5
   prop. index: 1
        Diskflag:     2
# -----------------------------------------------------------
$ SCF_Energy
   description: The SCF energy
   geom. index: 5
   prop. index: 1
        SCF Energy:     -815.8773274425
# -----------------------------------------------------------
$ DFT_Energy
   description: The DFT energy
   geom. index: 5
   prop. index: 1
   Number of Alpha Electrons                 77.0001482640 
   Number of Beta  Electrons                 76.0001589319 
   Total number of  Electrons               153.0003071958 
   Exchange energy                          -93.7600786698 
   Correlation energy                        -5.8986958865 
   Correlation energy NL                      0.0000000000 
   Exchange-Correlation energy              -99.6587745563 
   Embedding correction                       0.0000000000 
   Total DFT Energy (No VdW correction)    -815.8773274425 
# -----------------------------------------------------------
$ Mayer_Pop
   description: The Mayer population analysis
   geom. index: 5
   prop. index: 1
     Number of atoms                     : 48
     Threshold for printing              : 0.1000000
     Number of bond orders printed       : 50
  NA   - Mulliken gross atomic population
  ZA   - Total nuclear charge
  QA   - Mulliken gross atomic charge
  VA   - Mayer's total valence
  BVA  - Mayer's bonded valence
  FA   - Mayer's free valence
  ATOM       NA         ZA         QA         VA         BVA        FA
  0   0     6.5386     6.0000    -0.5386     3.8878     3.8878     0.0000
  1   0     6.0045     6.0000    -0.0045     3.8122     3.8122     0.0000
  2   0     6.0034     6.0000    -0.0034     3.8164     3.8164     0.0000
  3   0     5.6125     6.0000     0.3875     3.9328     3.9328     0.0000
  4   0     5.6725     6.0000     0.3275     3.8348     3.8348     0.0000
  5   0     6.4145     6.0000    -0.4145     4.2983     4.2983     0.0000
  6   0     5.6083     6.0000     0.3917     3.9421     3.9421     0.0000
  7   0     5.6729     6.0000     0.3271     3.8091     3.8091     0.0000
  8   0     6.4137     6.0000    -0.4137     4.3035     4.3035     0.0000
  9   0     0.8649     1.0000     0.1351     0.9657     0.9657    -0.0000
 10   0     0.8648     1.0000     0.1352     0.9661     0.9661     0.0000
 11   0     6.3899     6.0000    -0.3899     4.0546     4.0546     0.0000
 12   0     0.8444     1.0000     0.1556     0.9621     0.9621     0.0000
 13   0     0.8444     1.0000     0.1556     0.9622     0.9622     0.0000
 14   0     6.2678     6.0000    -0.2678     4.0139     4.0139     0.0000
 15   0     0.8584     1.0000     0.1416     0.9663     0.9663     0.0000
 16   0     0.8581     1.0000     0.1419     0.9662     0.9662     0.0000
 17   0     6.2626     6.0000    -0.2626     3.8885     3.8885     0.0000
 18   0     0.8552     1.0000     0.1448     0.9669     0.9669     0.0000
 19   0     0.8551     1.0000     0.1449     0.9669     0.9669     0.0000
 20   0     6.5103     6.0000    -0.5103     3.9007     3.9007     0.0000
 21   0     0.8403     1.0000     0.1597     0.9653     0.9653     0.0000
 22   0     0.8404     1.0000     0.1596     0.9653     0.9653    -0.0000
 23   0     6.4027     6.0000    -0.4027     4.0557     4.0557    -0.0000
 24   0     0.8419     1.0000     0.1581     0.9623     0.9623     0.0000
 25   0     0.8423     1.0000     0.1577     0.9625     0.9625     0.0000
 26   0     6.2703     6.0000    -0.2703     3.9712     3.9712     0.0000
 27   0     0.8546     1.0000     0.1454     0.9670     0.9670     0.0000
 28   0     0.8556     1.0000     0.1444     0.9673     0.9673     0.0000
 29   0     6.2893     6.0000    -0.2893     3.9361     3.9361    -0.0000
 30   0     0.8542     1.0000     0.1458     0.9685     0.9685     0.0000
 31   0     0.8543     1.0000     0.1457     0.9685     0.9685     0.0000
 32   0     6.2880     6.0000    -0.2880     3.9325     3.9324     0.0001
 33   0     0.8521     1.0000     0.1479     0.9692     0.9692     0.0000
 34   0     0.8521     1.0000     0.1479     0.9692     0.9692     0.0000
 35   0     6.3083     6.0000    -0.3083     3.9072     3.9024     0.0048
 36   0     0.8412     1.0000     0.1588     0.9661     0.9661     0.0000
 37   0     0.8412     1.0000     0.1588     0.9661     0.9661     0.0000
 38   0     6.2302     6.0000    -0.2302     3.8788     3.8768     0.0020
 39   0     0.8499     1.0000     0.1501     0.9680     0.9679     0.0001
 40   0     0.8500     1.0000     0.1500     0.9680     0.9679     0.0001
 41   0     6.4350     6.0000    -0.4350     3.8504     2.9888     0.8616
 42   0     0.8321     1.0000     0.1679     0.9699     0.9679     0.0020
 43   0     0.8321     1.0000     0.1679     0.9699     0.9679     0.0020
 44   0     6.5372     6.0000    -0.5372     3.8886     3.8886     0.0000
 45   0     0.8160     1.0000     0.1840     0.9772     0.9772     0.0000
 46   0     0.8161     1.0000     0.1839     0.9772     0.9772     0.0000
 47   0     0.8555     1.0000     0.1445     0.9667     0.9667    -0.0000
      Bond orders larger than 0.1000000
           Atom A     A.N. of A          Atom B    A.N. of B              Bond order
                0             6               1            6                2.707422
                0             6              45            1                0.983384
                1             6               3            6                0.908234
                2             6               6            6                0.914972
                2             6              44            6                2.704208
                3             6               4            6                1.367278
                3             6               5            6                0.113326
                3             6               8            6                1.416265
                4             6               5            6                1.438589
                4             6              11            6                0.943796
                5             6               6            6                1.422353
                5             6               9            1                0.970259
                6             6               7            6                1.356859
                6             6               8            6                0.112279
                7             6               8            6                1.442589
                7             6              23            6                0.936772
                8             6              10            1                0.970932
               11             6              12            1                0.960689
               11             6              13            1                0.960523
               11             6              14            6                1.019782
               14             6              15            1                0.961234
               14             6              16            1                0.961571
               14             6              17            6                0.985778
               17             6              18            1                0.971718
               17             6              19            1                0.971884
               17             6              20            6                0.954412
               20             6              21            1                0.973000
               20             6              22            1                0.972951
               20             6              47            1                0.967796
               23             6              24            1                0.962021
               23             6              25            1                0.961675
               23             6              26            6                1.010048
               26             6              27            1                0.962255
               26             6              28            1                0.961391
               26             6              29            6                0.968423
               29             6              30            1                0.976834
               29             6              31            1                0.976560
               29             6              32            6                0.969241
               32             6              33            1                0.980768
               32             6              34            1                0.980728
               32             6              35            6                0.954795
               35             6              36            1                0.979157
               35             6              37            1                0.979183
               35             6              38            6                0.935239
               38             6              39            1                0.978118
               38             6              40            1                0.978110
               38             6              41            6                0.973393
               41             6              42            1                0.973806
               41             6              43            1                0.973794
               44             6              46            1                0.983262
# -----------------------------------------------------------
$ SCF_Electric_Properties
   description: The SCF Calculated Electric Properties
   geom. index: 5
   prop. index: 1
       Filename                          : opt_EPRII.scfp 
       Do Dipole Moment Calculation      : true 
       Do Quadrupole Moment Calculation  : false 
       Do Polarizability Calculation     : false 
** Dipole moment part of electric properties **
        Magnitude of dipole moment (Debye) :        0.3744998615
        Electronic Contribution:
                  0    
      0      -2.089283
      1     -10.823482
      2      -0.119962
        Nuclear Contribution:
                  0    
      0       2.070862
      1      10.677325
      2       0.117330
        Total Dipole moment:
                  0    
      0      -0.018421
      1      -0.146157
      2      -0.002632
# -------------------------------------------------------------
----------------------- !GEOMETRIES! ------------------------
# -------------------------------------------------------------
------------------------ !GEOMETRY! -------------------------
    Number of atoms:    48 
    Geometry Index:     1 
    Coordinates:
               0 C     -4.033094778367    0.125994803348   -0.120549600491
               1 C     -2.818554159963    0.064282883847   -0.113732670172
               2 C      2.844701459201   -0.087698329812   -0.094014351867
               3 C     -1.387308478856    0.001670084666   -0.109120409369
               4 C     -0.717414958248   -1.248577356972   -0.131386660587
               5 C      0.677891065990   -1.227304067284   -0.125201482206
               6 C      1.413449879801   -0.025455385042   -0.098238195024
               7 C      0.743520267374    1.224786462831   -0.076039894750
               8 C     -0.651773573971    1.203496983176   -0.082206585675
               9 H      1.237515260633   -2.162251072567   -0.141592331609
              10 H     -1.211573583562    2.138326119911   -0.066066489081
              11 C     -1.519082260286   -2.535740396733   -0.160318992313
              12 H     -2.193390879593   -2.502423753857   -1.035821529451
              13 H     -2.198916849091   -2.538057103465    0.711569749901
              14 C     -0.725169523566   -3.844428226540   -0.184262823185
              15 H     -0.057419352962   -3.863303077191   -1.065312795767
              16 H     -0.067447502896   -3.901297583529    0.702697694898
              17 C     -1.630154059029   -5.082042813528   -0.216171562014
              18 H     -2.302556901019   -5.063679114324    0.661573357419
              19 H     -2.289169554843   -5.027876249859   -1.102556221444
              20 C     -0.849649520852   -6.398680198417   -0.237162180761
              21 H     -0.209986961918   -6.499596725202    0.656654864667
              22 H     -0.192325075951   -6.460561624074   -1.121673227226
              23 C      1.544976033574    2.512262037489   -0.046310106511
              24 H      2.211264517826    2.483798867127    0.835488588171
              25 H      2.232417441087    2.510877418786   -0.912033266572
              26 C      0.748805671262    3.819979695951   -0.035637353299
              27 H      0.094974337986    3.867835185906   -0.925717702889
              28 H      0.077233566303    3.843478844368    0.842094358274
              29 C      1.650750166063    5.059985232527   -0.009202880964
              30 H      2.308779732440    5.015133993612    0.879125346436
              31 H      2.325396672431    5.040432193237   -0.885894803202
              32 C      0.871144286193    6.379747574150    0.002294809532
              33 H      0.196174153554    6.397851337115    0.879165969436
              34 H      0.212831857039    6.422730970881   -0.886309929740
              35 C      1.768136950226    7.622332063543    0.028248671048
              36 H      2.440868935545    7.614213885973   -0.849002125829
              37 H      2.424363985343    7.589421785874    0.917345190179
              38 C      0.965992061945    8.948772535507    0.039423897256
              39 H      0.313046170776    8.962787281791   -0.853434751666
              40 H      0.295261640628    8.937141160280    0.919052772705
              41 C      1.821040217864   10.171631041101    0.065838411013
              42 H      2.200964910766   10.570215384585    1.010891420388
              43 H      2.218732876918   10.598273512544   -0.859437099671
              44 C      4.059286596737   -0.148836634574   -0.092233725556
              45 H     -5.104117432011    0.181269772310   -0.124553059173
              46 H      5.130370446061   -0.203000096348   -0.089533196764
              47 H     -1.525742724579   -7.268664253116   -0.263007786495
------------------------ !GEOMETRY! -------------------------
    Number of atoms:    48 
    Geometry Index:     2 
    Coordinates:
               0 C     -4.043255651393    0.125256237981   -0.118535551250
               1 C     -2.824744340573    0.063950357351   -0.112473928344
               2 C      2.847446378219   -0.093533503021   -0.094050630900
               3 C     -1.391233328178   -0.000091520961   -0.108721034591
               4 C     -0.721529027727   -1.253614911577   -0.131341905805
               5 C      0.676647331728   -1.233930874167   -0.125299457041
               6 C      1.413951217801   -0.029723460132   -0.098247476540
               7 C      0.744296701269    1.223828553080   -0.075698797844
               8 C     -0.653921205618    1.204121873939   -0.081670974722
               9 H      1.232000843977   -2.164789314281   -0.141798874815
              10 H     -1.209507038060    2.134812924724   -0.065299790222
              11 C     -1.525506370993   -2.542932735486   -0.160613997848
              12 H     -2.194451087088   -2.510688676218   -1.032133561973
              13 H     -2.200519212079   -2.546304222271    0.706830040174
              14 C     -0.727901662468   -3.853499800400   -0.184481231048
              15 H     -0.064235393551   -3.871928997374   -1.060337383233
              16 H     -0.074871184560   -3.909991956014    0.697743023955
              17 C     -1.633137555130   -5.095477992819   -0.217068168746
              18 H     -2.301048428367   -5.079046596993    0.655440157070
              19 H     -2.287297659785   -5.042914189831   -1.098520327844
              20 C     -0.848231202941   -6.414925953713   -0.238326684069
              21 H     -0.213023351349   -6.513687102918    0.649855425278
              22 H     -0.195098596488   -6.474341356586   -1.116961586951
              23 C      1.548511237743    2.513158638807   -0.045967052008
              24 H      2.209820884770    2.485347022957    0.831529603201
              25 H      2.230876847625    2.512292694025   -0.907486709712
              26 C      0.750038644741    3.823291456209   -0.035349401968
              27 H      0.100896330899    3.871427169545   -0.920729281595
              28 H      0.082633513536    3.846948292936    0.837330512250
              29 C      1.654174704800    5.065946253383   -0.008383738479
              30 H      2.306879703178    5.021818766546    0.875608934611
              31 H      2.324839197648    5.046665077655   -0.879715166142
              32 C      0.872358522274    6.388638185716    0.002244403370
              33 H      0.201462826951    6.406720297439    0.873666451735
              34 H      0.219575272708    6.431154626397   -0.882005244880
              35 C      1.771858419419    7.634183883909    0.028783797193
              36 H      2.440583504867    7.626234637757   -0.842600015511
              37 H      2.422207217075    7.602265961327    0.913432842949
              38 C      0.967311188796    8.963485252312    0.038523428129
              39 H      0.319924404520    8.977536063367   -0.849616465546
              40 H      0.300349037144    8.952836616998    0.912129124904
              41 C      1.825170764770   10.189871276884    0.065332518889
              42 H      2.200462907713   10.587532874959    1.003935619291
              43 H      2.220183737672   10.614453486550   -0.853166652459
              44 C      4.065989003212   -0.154330542683   -0.092233249480
              45 H     -5.107449816856    0.179666982874   -0.121843555958
              46 H      5.130231497205   -0.207745322558   -0.089558390372
              47 H     -1.518676699058   -7.280691385625   -0.264420285103
------------------------ !GEOMETRY! -------------------------
    Number of atoms:    48 
    Geometry Index:     3 
    Coordinates:
               0 C     -4.044163159463    0.127523020201   -0.117130786426
               1 C     -2.825059644417    0.066745696439   -0.111430139460
               2 C      2.847993404379   -0.096848190613   -0.094587690180
               3 C     -1.391114427817    0.001328386060   -0.108049114995
               4 C     -0.722984317424   -1.253441167249   -0.131069102787
               5 C      0.675880169455   -1.236048327580   -0.125387060878
               6 C      1.414063807637   -0.031583049143   -0.098365464267
               7 C      0.745983846874    1.223231691592   -0.075610927745
               8 C     -0.652911498559    1.205798843963   -0.081193376345
               9 H      1.229512612586   -2.167511147661   -0.142142443592
              10 H     -1.206813706809    2.137102289748   -0.064657184063
              11 C     -1.529048927287   -2.542490807588   -0.160540630724
              12 H     -2.195671200377   -2.510692932035   -1.032802461926
              13 H     -2.202306054005   -2.546354928145    0.707195561813
              14 C     -0.728332812537   -3.852847245643   -0.184194453728
              15 H     -0.065791667182   -3.871015502272   -1.059871088910
              16 H     -0.077203512389   -3.909295568036    0.698410264337
              17 C     -1.634713402253   -5.095790066151   -0.217393098076
              18 H     -2.301282161812   -5.080720319796    0.655089148716
              19 H     -2.286964162353   -5.044137070735   -1.099245683407
              20 C     -0.846442378392   -6.415502869329   -0.238730694667
              21 H     -0.212267442574   -6.512211848875    0.649589667651
              22 H     -0.193782398832   -6.472383436553   -1.117048054303
              23 C      1.552266916422    2.512248737794   -0.045986050675
              24 H      2.211549159565    2.484863185634    0.832008979042
              25 H      2.232646393661    2.511707244637   -0.908016001199
              26 C      0.750878630684    3.822245250605   -0.035524557445
              27 H      0.103640733063    3.870410852368   -0.921298021836
              28 H      0.084540753933    3.845584128376    0.836962448202
              29 C      1.656550996854    5.065562557524   -0.007837809669
              30 H      2.306726709505    5.022214011521    0.877006857476
              31 H      2.326462755289    5.046853535829   -0.878696716504
              32 C      0.871597705205    6.388165929878    0.001809594061
              33 H      0.201421613919    6.405807218932    0.872693288983
              34 H      0.221557186684    6.430185387864   -0.883398596363
              35 C      1.772678977034    7.634458302144    0.029348469099
              36 H      2.440891039992    7.627097618704   -0.841332770495
              37 H      2.420021075145    7.603527209972    0.915149987835
              38 C      0.964869431834    8.963514722758    0.037589250360
              39 H      0.320327708321    8.977379935271   -0.851460042831
              40 H      0.298328567476    8.953152602383    0.910334732889
              41 C      1.824049300268   10.191035189877    0.065249602044
              42 H      2.195491397232   10.590558959123    1.004090508223
              43 H      2.217876098204   10.616863214223   -0.852667837131
              44 C      4.067124443117   -0.157146877978   -0.093066145533
              45 H     -5.108556087039    0.181535862733   -0.120129083943
              46 H      5.131561050235   -0.210247390599   -0.090689485268
              47 H     -1.516040493051   -7.281177790174   -0.265246475357
------------------------ !GEOMETRY! -------------------------
    Number of atoms:    48 
    Geometry Index:     4 
    Coordinates:
               0 C     -4.044091072378    0.125849151416   -0.115960624721
               1 C     -2.824864077427    0.067100868987   -0.110794351525
               2 C      2.847600545209   -0.097430611543   -0.095640181790
               3 C     -1.390751431185    0.001634505348   -0.107954478002
               4 C     -0.723367444610   -1.253390892954   -0.131230500807
               5 C      0.675709422945   -1.236904906633   -0.125966754364
               6 C      1.413504617623   -0.032052696350   -0.099116892864
               7 C      0.746170643099    1.223026824449   -0.076020574295
               8 C     -0.652926509771    1.206482617352   -0.081184538538
               9 H      1.228797672647   -2.168678026183   -0.142873226756
              10 H     -1.206305403754    2.138087212859   -0.064423064309
              11 C     -1.530760882816   -2.542325979570   -0.160672192861
              12 H     -2.195577101387   -2.511062312454   -1.034172855214
              13 H     -2.202909364807   -2.546392029492    0.707747872841
              14 C     -0.728364593387   -3.852647389869   -0.183763991714
              15 H     -0.066563036405   -3.871164480755   -1.059849961865
              16 H     -0.078851641677   -3.909235724898    0.699883991873
              17 C     -1.636005312071   -5.095600345389   -0.217298091986
              18 H     -2.301709467962   -5.081245767089    0.655746457090
              19 H     -2.286724110039   -5.044613305407   -1.100212052154
              20 C     -0.845777108530   -6.415443292149   -0.238350206439
              21 H     -0.212384008511   -6.510314040534    0.650754259551
              22 H     -0.193203402549   -6.470401426213   -1.116880064405
              23 C      1.553730474412    2.511935423508   -0.046411016307
              24 H      2.211590752854    2.484841150402    0.832508911155
              25 H      2.232683319261    2.511743183372   -0.909404233831
              26 C      0.750744518024    3.821955530131   -0.035939176428
              27 H      0.105078360186    3.870583273612   -0.922698107799
              28 H      0.085128023664    3.845201840948    0.836955628102
              29 C      1.657824243987    5.065290305808   -0.007364194509
              30 H      2.305779730061    5.022271934285    0.878978915869
              31 H      2.327518586692    5.046842400820   -0.878248871439
              32 C      0.871153196258    6.387936541431    0.001318049249
              33 H      0.201075021698    6.405402580108    0.872122453960
              34 H      0.223619336671    6.429980607633   -0.885568297484
              35 C      1.773668795110    7.634238533998    0.030218733069
              36 H      2.442057793423    7.627168047391   -0.840186781791
              37 H      2.418210006700    7.603784990506    0.917935785292
              38 C      0.964117250658    8.963153494906    0.036915495892
              39 H      0.322230631355    8.977376457646   -0.853916206875
              40 H      0.297298066297    8.953384694098    0.909317730568
              41 C      1.824894157368   10.190492182663    0.065812360464
              42 H      2.193123545307   10.591169118733    1.005543356510
              43 H      2.218768042297   10.617051135522   -0.851864220559
              44 C      4.066851856996   -0.155708174470   -0.094294480248
              45 H     -5.108707306623    0.178276334302   -0.118503220453
              46 H      5.131505842166   -0.207310280008   -0.092127724299
              47 H     -1.515548147078   -7.281084210278   -0.265139554856
------------------------ !GEOMETRY! -------------------------
    Number of atoms:    48 
    Geometry Index:     5 
    Coordinates:
               0 C     -4.043959652756    0.123850398841   -0.115421466257
               1 C     -2.824764711559    0.066622684797   -0.110425401938
               2 C      2.847272295794   -0.096982351142   -0.096248464220
               3 C     -1.390634573939    0.001448210013   -0.107708551823
               4 C     -0.723241965335   -1.253427459460   -0.131233251786
               5 C      0.675781094228   -1.236875870331   -0.126214618278
               6 C      1.413157680845   -0.031895176263   -0.099372514680
               7 C      0.745816729193    1.223035352839   -0.076136203893
               8 C     -0.653224114496    1.206423454372   -0.081054747289
               9 H      1.228966769260   -2.168662576410   -0.143294283324
              10 H     -1.206700244284    2.138042201588   -0.064205412898
              11 C     -1.530787097383   -2.542335598727   -0.160736882149
              12 H     -2.195014853387   -2.511225918756   -1.034763457953
              13 H     -2.202763365276   -2.546428289369    0.707878659850
              14 C     -0.728375589354   -3.852734823247   -0.183555084775
              15 H     -0.066726673177   -3.871511135019   -1.059840513999
              16 H     -0.079417602228   -3.909437772526    0.700583862890
              17 C     -1.636313444850   -5.095493621011   -0.217214730953
              18 H     -2.301835452285   -5.081264597792    0.656066998851
              19 H     -2.286546591325   -5.044636583830   -1.100589124843
              20 C     -0.845902454049   -6.415386733028   -0.238115767384
              21 H     -0.212809265629   -6.509736134990    0.651350843925
              22 H     -0.193301463755   -6.469815377763   -1.116751773344
              23 C      1.553503814770    2.511933127385   -0.046606073908
              24 H      2.211020973053    2.484958009572    0.832647994376
              25 H      2.232061156052    2.511812795199   -0.909979054935
              26 C      0.750474350668    3.822013858451   -0.036146811786
              27 H      0.105360706161    3.870901827706   -0.923381464807
              28 H      0.084995896690    3.845297492849    0.836938282042
              29 C      1.657834263123    5.065227368755   -0.007146627587
              30 H      2.304874349146    5.022268544674    0.879951059257
              31 H      2.327748833468    5.046712737380   -0.877944891941
              32 C      0.871153941050    6.387975793061    0.000939272380
              33 H      0.200696675890    6.405471322033    0.871534488763
              34 H      0.224756253528    6.430176893696   -0.886849009856
              35 C      1.773941287107    7.634143685634    0.030704163276
              36 H      2.442886720228    7.627036290086   -0.839357763306
              37 H      2.417177418692    7.603737403722    0.919450784116
              38 C      0.964462544297    8.963164036364    0.036488396318
              39 H      0.323854213457    8.977674019070   -0.855362011770
              40 H      0.297037356269    8.953750845792    0.908534750020
              41 C      1.825863602437   10.190007365474    0.066240395434
              42 H      2.192894403484   10.590707750264    1.006514915999
              43 H      2.220659475522   10.616393560469   -0.851207558361
              44 C      4.066492398504   -0.153705620409   -0.095146925968
              45 H     -5.108664118219    0.175163351086   -0.117826045336
              46 H      5.131232409326   -0.204226107432   -0.093238820131
              47 H     -1.515951348958   -7.280913583666   -0.265020246016
