-------------------------------------------------------------
----------------------- !PROPERTIES! ------------------------
-------------------------------------------------------------
# -----------------------------------------------------------
$ PAL_Flags
   description: The PAL Flags
   geom. index: 1
   prop. index: 1
        Diskflag:     2
# -----------------------------------------------------------
$ SCF_Energy
   description: The SCF energy
   geom. index: 1
   prop. index: 1
        SCF Energy:     -815.7966567322
# -----------------------------------------------------------
$ DFT_Energy
   description: The DFT energy
   geom. index: 1
   prop. index: 1
   Number of Alpha Electrons                 77.0002036730 
   Number of Beta  Electrons                 76.0002008328 
   Total number of  Electrons               153.0004045058 
   Exchange energy                          -93.8273166633 
   Correlation energy                        -5.8964128236 
   Correlation energy NL                      0.0000000000 
   Exchange-Correlation energy              -99.7237294869 
   Embedding correction                       0.0000000000 
   Total DFT Energy (No VdW correction)    -815.7966567322 
# -----------------------------------------------------------
$ Mayer_Pop
   description: The Mayer population analysis
   geom. index: 1
   prop. index: 1
     Number of atoms                     : 48
     Threshold for printing              : 0.1000000
     Number of bond orders printed       : 48
  NA   - Mulliken gross atomic population
  ZA   - Total nuclear charge
  QA   - Mulliken gross atomic charge
  VA   - Mayer's total valence
  BVA  - Mayer's bonded valence
  FA   - Mayer's free valence
  ATOM       NA         ZA         QA         VA         BVA        FA
  0   0     6.6050     6.0000    -0.6050     3.3876     3.3876     0.0000
  1   0     5.3727     6.0000     0.6273     2.8933     2.8933     0.0000
  2   0     5.3727     6.0000     0.6273     2.8922     2.8922     0.0000
  3   0     6.0392     6.0000    -0.0392     3.8144     3.8144     0.0000
  4   0     6.0643     6.0000    -0.0643     4.1274     4.1274     0.0000
  5   0     5.9790     6.0000     0.0210     3.8825     3.8825     0.0000
  6   0     6.0380     6.0000    -0.0380     3.8151     3.8151     0.0000
  7   0     6.0637     6.0000    -0.0637     4.1271     4.1271     0.0000
  8   0     5.9775     6.0000     0.0225     3.8803     3.8803     0.0000
  9   0     1.0513     1.0000    -0.0513     1.0031     1.0031     0.0000
 10   0     1.0514     1.0000    -0.0514     1.0029     1.0029     0.0000
 11   0     5.9570     6.0000     0.0430     4.0294     4.0294     0.0000
 12   0     0.9685     1.0000     0.0315     0.9698     0.9698     0.0000
 13   0     0.9685     1.0000     0.0315     0.9697     0.9697     0.0000
 14   0     6.0363     6.0000    -0.0363     4.1153     4.1153     0.0000
 15   0     0.9836     1.0000     0.0164     0.9628     0.9628     0.0000
 16   0     0.9838     1.0000     0.0162     0.9629     0.9629     0.0000
 17   0     6.0238     6.0000    -0.0238     4.1173     4.1173     0.0000
 18   0     0.9941     1.0000     0.0059     0.9674     0.9674     0.0000
 19   0     0.9941     1.0000     0.0059     0.9674     0.9674     0.0000
 20   0     5.9962     6.0000     0.0038     4.0168     4.0168    -0.0000
 21   0     0.9830     1.0000     0.0170     0.9772     0.9772    -0.0000
 22   0     0.9831     1.0000     0.0169     0.9773     0.9773    -0.0000
 23   0     5.9515     6.0000     0.0485     4.0211     4.0211     0.0000
 24   0     0.9681     1.0000     0.0319     0.9693     0.9693     0.0000
 25   0     0.9682     1.0000     0.0318     0.9697     0.9697     0.0000
 26   0     6.0355     6.0000    -0.0355     4.1172     4.1172     0.0000
 27   0     0.9836     1.0000     0.0164     0.9634     0.9634     0.0000
 28   0     0.9833     1.0000     0.0167     0.9631     0.9631     0.0000
 29   0     5.9848     6.0000     0.0152     4.0742     4.0742     0.0000
 30   0     0.9967     1.0000     0.0033     0.9695     0.9695     0.0000
 31   0     0.9966     1.0000     0.0034     0.9695     0.9695     0.0000
 32   0     6.0060     6.0000    -0.0060     4.0850     4.0849     0.0001
 33   0     0.9981     1.0000     0.0019     0.9699     0.9699     0.0000
 34   0     0.9981     1.0000     0.0019     0.9699     0.9699     0.0000
 35   0     5.9996     6.0000     0.0004     4.0591     4.0564     0.0027
 36   0     0.9966     1.0000     0.0034     0.9708     0.9708     0.0000
 37   0     0.9967     1.0000     0.0033     0.9708     0.9708     0.0000
 38   0     6.0008     6.0000    -0.0008     4.1004     4.0979     0.0025
 39   0     0.9895     1.0000     0.0105     0.9657     0.9655     0.0002
 40   0     0.9895     1.0000     0.0105     0.9657     0.9655     0.0002
 41   0     6.0681     6.0000    -0.0681     3.9788     3.1229     0.8559
 42   0     0.9753     1.0000     0.0247     0.9760     0.9737     0.0023
 43   0     0.9753     1.0000     0.0247     0.9760     0.9737     0.0023
 44   0     6.6051     6.0000    -0.6051     3.3875     3.3875     0.0000
 45   0     1.0295     1.0000    -0.0295     1.0305     1.0305    -0.0000
 46   0     1.0295     1.0000    -0.0295     1.0305     1.0305     0.0000
 47   0     0.9874     1.0000     0.0126     0.9734     0.9734     0.0000
      Bond orders larger than 0.1000000
           Atom A     A.N. of A          Atom B    A.N. of B              Bond order
                0             6               1            6                2.118543
                0             6              45            1                1.119045
                1             6               3            6                0.908547
                2             6               6            6                0.907637
                2             6              44            6                2.118457
                3             6               4            6                1.396710
                3             6               8            6                1.372287
                4             6               5            6                1.426480
                4             6              11            6                1.090458
                5             6               6            6                1.373176
                5             6               9            1                0.921445
                6             6               7            6                1.397237
                7             6               8            6                1.426396
                7             6              23            6                1.089487
                8             6              10            1                0.922031
               11             6              12            1                0.898190
               11             6              13            1                0.898019
               11             6              14            6                1.104146
               14             6              15            1                0.929271
               14             6              16            1                0.929335
               14             6              17            6                1.075162
               17             6              18            1                0.941016
               17             6              19            1                0.941025
               17             6              20            6                1.105946
               20             6              21            1                0.966256
               20             6              22            1                0.966209
               20             6              47            1                0.961716
               23             6              24            1                0.897281
               23             6              25            1                0.897243
               23             6              26            6                1.102920
               26             6              27            1                0.927274
               26             6              28            1                0.926859
               26             6              29            6                1.076823
               29             6              30            1                0.933812
               29             6              31            1                0.933766
               29             6              32            6                1.077934
               32             6              33            1                0.935844
               32             6              34            1                0.935837
               32             6              35            6                1.077952
               35             6              36            1                0.940055
               35             6              37            1                0.940060
               35             6              38            6                1.048606
               38             6              39            1                0.935863
               38             6              40            1                0.935829
               38             6              41            6                1.136308
               41             6              42            1                0.964855
               41             6              43            1                0.964866
               44             6              46            1                1.119126
# -----------------------------------------------------------
$ PAL_Flags
   description: The PAL Flags
   geom. index: 2
   prop. index: 1
        Diskflag:     2
# -----------------------------------------------------------
$ SCF_Energy
   description: The SCF energy
   geom. index: 2
   prop. index: 1
        SCF Energy:     -815.7966569779
# -----------------------------------------------------------
$ DFT_Energy
   description: The DFT energy
   geom. index: 2
   prop. index: 1
   Number of Alpha Electrons                 77.0002037106 
   Number of Beta  Electrons                 76.0002009522 
   Total number of  Electrons               153.0004046627 
   Exchange energy                          -93.8273421492 
   Correlation energy                        -5.8964142145 
   Correlation energy NL                      0.0000000000 
   Exchange-Correlation energy              -99.7237563636 
   Embedding correction                       0.0000000000 
   Total DFT Energy (No VdW correction)    -815.7966569779 
# -----------------------------------------------------------
$ Mayer_Pop
   description: The Mayer population analysis
   geom. index: 2
   prop. index: 1
     Number of atoms                     : 48
     Threshold for printing              : 0.1000000
     Number of bond orders printed       : 48
  NA   - Mulliken gross atomic population
  ZA   - Total nuclear charge
  QA   - Mulliken gross atomic charge
  VA   - Mayer's total valence
  BVA  - Mayer's bonded valence
  FA   - Mayer's free valence
  ATOM       NA         ZA         QA         VA         BVA        FA
  0   0     6.6050     6.0000    -0.6050     3.3875     3.3875     0.0000
  1   0     5.3726     6.0000     0.6274     2.8932     2.8932     0.0000
  2   0     5.3727     6.0000     0.6273     2.8921     2.8921     0.0000
  3   0     6.0392     6.0000    -0.0392     3.8144     3.8144     0.0000
  4   0     6.0643     6.0000    -0.0643     4.1274     4.1274     0.0000
  5   0     5.9790     6.0000     0.0210     3.8825     3.8825     0.0000
  6   0     6.0380     6.0000    -0.0380     3.8151     3.8151     0.0000
  7   0     6.0638     6.0000    -0.0638     4.1271     4.1271     0.0000
  8   0     5.9775     6.0000     0.0225     3.8803     3.8803     0.0000
  9   0     1.0513     1.0000    -0.0513     1.0031     1.0031     0.0000
 10   0     1.0514     1.0000    -0.0514     1.0029     1.0029     0.0000
 11   0     5.9570     6.0000     0.0430     4.0294     4.0294     0.0000
 12   0     0.9685     1.0000     0.0315     0.9698     0.9698     0.0000
 13   0     0.9685     1.0000     0.0315     0.9697     0.9697     0.0000
 14   0     6.0363     6.0000    -0.0363     4.1153     4.1153     0.0000
 15   0     0.9836     1.0000     0.0164     0.9628     0.9628     0.0000
 16   0     0.9838     1.0000     0.0162     0.9629     0.9629     0.0000
 17   0     6.0238     6.0000    -0.0238     4.1173     4.1173     0.0000
 18   0     0.9941     1.0000     0.0059     0.9674     0.9674     0.0000
 19   0     0.9941     1.0000     0.0059     0.9674     0.9674     0.0000
 20   0     5.9962     6.0000     0.0038     4.0168     4.0168    -0.0000
 21   0     0.9830     1.0000     0.0170     0.9772     0.9772     0.0000
 22   0     0.9831     1.0000     0.0169     0.9773     0.9773    -0.0000
 23   0     5.9515     6.0000     0.0485     4.0211     4.0211     0.0000
 24   0     0.9681     1.0000     0.0319     0.9693     0.9693     0.0000
 25   0     0.9682     1.0000     0.0318     0.9697     0.9697     0.0000
 26   0     6.0355     6.0000    -0.0355     4.1172     4.1172     0.0000
 27   0     0.9836     1.0000     0.0164     0.9634     0.9634     0.0000
 28   0     0.9833     1.0000     0.0167     0.9631     0.9631     0.0000
 29   0     5.9848     6.0000     0.0152     4.0742     4.0742     0.0000
 30   0     0.9967     1.0000     0.0033     0.9695     0.9695     0.0000
 31   0     0.9966     1.0000     0.0034     0.9695     0.9695     0.0000
 32   0     6.0059     6.0000    -0.0059     4.0850     4.0849     0.0001
 33   0     0.9981     1.0000     0.0019     0.9699     0.9699     0.0000
 34   0     0.9981     1.0000     0.0019     0.9699     0.9699     0.0000
 35   0     5.9996     6.0000     0.0004     4.0591     4.0564     0.0027
 36   0     0.9966     1.0000     0.0034     0.9708     0.9708     0.0000
 37   0     0.9967     1.0000     0.0033     0.9708     0.9708     0.0000
 38   0     6.0008     6.0000    -0.0008     4.1004     4.0979     0.0025
 39   0     0.9895     1.0000     0.0105     0.9657     0.9655     0.0002
 40   0     0.9895     1.0000     0.0105     0.9657     0.9655     0.0002
 41   0     6.0680     6.0000    -0.0680     3.9788     3.1229     0.8559
 42   0     0.9753     1.0000     0.0247     0.9760     0.9737     0.0023
 43   0     0.9753     1.0000     0.0247     0.9760     0.9737     0.0023
 44   0     6.6051     6.0000    -0.6051     3.3875     3.3875     0.0000
 45   0     1.0295     1.0000    -0.0295     1.0305     1.0305     0.0000
 46   0     1.0295     1.0000    -0.0295     1.0305     1.0305     0.0000
 47   0     0.9874     1.0000     0.0126     0.9734     0.9734    -0.0000
      Bond orders larger than 0.1000000
           Atom A     A.N. of A          Atom B    A.N. of B              Bond order
                0             6               1            6                2.118517
                0             6              45            1                1.119050
                1             6               3            6                0.908546
                2             6               6            6                0.907633
                2             6              44            6                2.118415
                3             6               4            6                1.396713
                3             6               8            6                1.372285
                4             6               5            6                1.426481
                4             6              11            6                1.090456
                5             6               6            6                1.373171
                5             6               9            1                0.921444
                6             6               7            6                1.397250
                7             6               8            6                1.426399
                7             6              23            6                1.089489
                8             6              10            1                0.922031
               11             6              12            1                0.898198
               11             6              13            1                0.898012
               11             6              14            6                1.104145
               14             6              15            1                0.929262
               14             6              16            1                0.929344
               14             6              17            6                1.075163
               17             6              18            1                0.941015
               17             6              19            1                0.941025
               17             6              20            6                1.105945
               20             6              21            1                0.966255
               20             6              22            1                0.966211
               20             6              47            1                0.961716
               23             6              24            1                0.897270
               23             6              25            1                0.897250
               23             6              26            6                1.102922
               26             6              27            1                0.927263
               26             6              28            1                0.926867
               26             6              29            6                1.076823
               29             6              30            1                0.933808
               29             6              31            1                0.933768
               29             6              32            6                1.077939
               32             6              33            1                0.935840
               32             6              34            1                0.935841
               32             6              35            6                1.077952
               35             6              36            1                0.940055
               35             6              37            1                0.940058
               35             6              38            6                1.048583
               38             6              39            1                0.935861
               38             6              40            1                0.935822
               38             6              41            6                1.136361
               41             6              42            1                0.964856
               41             6              43            1                0.964867
               44             6              46            1                1.119139
# -----------------------------------------------------------
$ SCF_Electric_Properties
   description: The SCF Calculated Electric Properties
   geom. index: 2
   prop. index: 1
       Filename                          : opt_cc-pVDZ.scfp 
       Do Dipole Moment Calculation      : true 
       Do Quadrupole Moment Calculation  : false 
       Do Polarizability Calculation     : false 
** Dipole moment part of electric properties **
        Magnitude of dipole moment (Debye) :        0.3353361951
        Electronic Contribution:
                  0    
      0      -2.075719
      1     -10.769009
      2      -0.138076
        Nuclear Contribution:
                  0    
      0       2.054393
      1      10.638830
      2       0.136099
        Total Dipole moment:
                  0    
      0      -0.021327
      1      -0.130179
      2      -0.001977
# -------------------------------------------------------------
----------------------- !GEOMETRIES! ------------------------
# -------------------------------------------------------------
------------------------ !GEOMETRY! -------------------------
    Number of atoms:    48 
    Geometry Index:     1 
    Coordinates:
               0 C     -4.033094778367    0.125994803348   -0.120549600491
               1 C     -2.818554159963    0.064282883847   -0.113732670172
               2 C      2.844701459201   -0.087698329812   -0.094014351867
               3 C     -1.387308478856    0.001670084666   -0.109120409369
               4 C     -0.717414958248   -1.248577356972   -0.131386660587
               5 C      0.677891065990   -1.227304067284   -0.125201482206
               6 C      1.413449879801   -0.025455385042   -0.098238195024
               7 C      0.743520267374    1.224786462831   -0.076039894750
               8 C     -0.651773573971    1.203496983176   -0.082206585675
               9 H      1.237515260633   -2.162251072567   -0.141592331609
              10 H     -1.211573583562    2.138326119911   -0.066066489081
              11 C     -1.519082260286   -2.535740396733   -0.160318992313
              12 H     -2.193390879593   -2.502423753857   -1.035821529451
              13 H     -2.198916849091   -2.538057103465    0.711569749901
              14 C     -0.725169523566   -3.844428226540   -0.184262823185
              15 H     -0.057419352962   -3.863303077191   -1.065312795767
              16 H     -0.067447502896   -3.901297583529    0.702697694898
              17 C     -1.630154059029   -5.082042813528   -0.216171562014
              18 H     -2.302556901019   -5.063679114324    0.661573357419
              19 H     -2.289169554843   -5.027876249859   -1.102556221444
              20 C     -0.849649520852   -6.398680198417   -0.237162180761
              21 H     -0.209986961918   -6.499596725202    0.656654864667
              22 H     -0.192325075951   -6.460561624074   -1.121673227226
              23 C      1.544976033574    2.512262037489   -0.046310106511
              24 H      2.211264517826    2.483798867127    0.835488588171
              25 H      2.232417441087    2.510877418786   -0.912033266572
              26 C      0.748805671262    3.819979695951   -0.035637353299
              27 H      0.094974337986    3.867835185906   -0.925717702889
              28 H      0.077233566303    3.843478844368    0.842094358274
              29 C      1.650750166063    5.059985232527   -0.009202880964
              30 H      2.308779732440    5.015133993612    0.879125346436
              31 H      2.325396672431    5.040432193237   -0.885894803202
              32 C      0.871144286193    6.379747574150    0.002294809532
              33 H      0.196174153554    6.397851337115    0.879165969436
              34 H      0.212831857039    6.422730970881   -0.886309929740
              35 C      1.768136950226    7.622332063543    0.028248671048
              36 H      2.440868935545    7.614213885973   -0.849002125829
              37 H      2.424363985343    7.589421785874    0.917345190179
              38 C      0.965992061945    8.948772535507    0.039423897256
              39 H      0.313046170776    8.962787281791   -0.853434751666
              40 H      0.295261640628    8.937141160280    0.919052772705
              41 C      1.821040217864   10.171631041101    0.065838411013
              42 H      2.200964910766   10.570215384585    1.010891420388
              43 H      2.218732876918   10.598273512544   -0.859437099671
              44 C      4.059286596737   -0.148836634574   -0.092233725556
              45 H     -5.104117432011    0.181269772310   -0.124553059173
              46 H      5.130370446061   -0.203000096348   -0.089533196764
              47 H     -1.525742724579   -7.268664253116   -0.263007786495
------------------------ !GEOMETRY! -------------------------
    Number of atoms:    48 
    Geometry Index:     2 
    Coordinates:
               0 C     -4.033080229144    0.126000768494   -0.121548058047
               1 C     -2.818536301098    0.064328081298   -0.114981007652
               2 C      2.844717743373   -0.087648059054   -0.095173058021
               3 C     -1.387290254865    0.001721579954   -0.110579125025
               4 C     -0.717398140446   -1.248535061885   -0.132434929084
               5 C      0.677908515737   -1.227258563771   -0.126250939851
               6 C      1.413466868753   -0.025400575007   -0.099657599836
               7 C      0.743535664880    1.224840509574   -0.077555476809
               8 C     -0.651756462626    1.203548357485   -0.083753012891
               9 H      1.237532865813   -2.162212857031   -0.142331600838
              10 H     -1.211559028068    2.138374867503   -0.067684995122
              11 C     -1.519067640988   -2.535706458110   -0.160991044859
              12 H     -2.192924858201   -2.502923658755   -1.036865917316
              13 H     -2.199352793044   -2.537469679153    0.710544838558
              14 C     -0.725160210634   -3.844419748619   -0.183718076596
              15 H     -0.057207641412   -3.864010627296   -1.064600019027
              16 H     -0.067642379755   -3.900581764029    0.703439735360
              17 C     -1.630142811728   -5.082054387688   -0.214836359621
              18 H     -2.302559619171   -5.063104693831    0.662885668118
              19 H     -2.289147143325   -5.028487996913   -1.101265827469
              20 C     -0.849632588002   -6.398703015995   -0.234918336568
              21 H     -0.209901741173   -6.498953169209    0.658925380157
              22 H     -0.192375743115   -6.461243269453   -1.119433412336
              23 C      1.544992661808    2.512310475465   -0.047939667644
              24 H      2.211758067510    2.483613591253    0.833486981859
              25 H      2.231962510032    2.511170328749   -0.914040303997
              26 C      0.748808379378    3.820007594587   -0.036456395986
              27 H      0.094728531770    3.868290579089   -0.926328758091
              28 H      0.077484057827    3.843063093040    0.841476503815
              29 C      1.650712699610    5.060034416688   -0.009631900501
              30 H      2.308710135739    5.014912980712    0.878706378880
              31 H      2.325389789732    5.040811233204   -0.886304675486
              32 C      0.871014804508    6.379723806303    0.002330935988
              33 H      0.195935884737    6.397406055241    0.879128383155
              34 H      0.212835238884    6.423112493289   -0.886351974199
              35 C      1.767957403918    7.622334544514    0.029020225072
              36 H      2.440915755965    7.614573809748   -0.848061026449
              37 H      2.423917834469    7.589030492718    0.918301461421
              38 C      0.965872362467    8.948839424148    0.040559669243
              39 H      0.313202209241    8.963269942962   -0.852496800012
              40 H      0.294852745934    8.936760909356    0.919966310235
              41 C      1.820831228904   10.171660739424    0.067843333582
              42 H      2.201274361593   10.569149215070    1.013130893838
              43 H      2.219594976580   10.598163194021   -0.857016233135
              44 C      4.059305361946   -0.148727859113   -0.093137757107
              45 H     -5.104103664088    0.181279477321   -0.125360560303
              46 H      5.130387208390   -0.202926405564   -0.090249590371
              47 H     -1.525723588617   -7.268709660732   -0.260062949035
