-------------------------------------------------------------
----------------------- !PROPERTIES! ------------------------
-------------------------------------------------------------
# -----------------------------------------------------------
$ PAL_Flags
   description: The PAL Flags
   geom. index: 1
   prop. index: 1
        Diskflag:     2
# -----------------------------------------------------------
$ SCF_Energy
   description: The SCF energy
   geom. index: 1
   prop. index: 1
        SCF Energy:     -928.8448595722
# -----------------------------------------------------------
$ DFT_Energy
   description: The DFT energy
   geom. index: 1
   prop. index: 1
   Number of Alpha Electrons                 85.0001982441 
   Number of Beta  Electrons                 84.0001997799 
   Total number of  Electrons               169.0003980240 
   Exchange energy                         -105.6161022690 
   Correlation energy                        -6.5719366324 
   Correlation energy NL                      0.0000000000 
   Exchange-Correlation energy             -112.1880389014 
   Embedding correction                       0.0000000000 
   Total DFT Energy (No VdW correction)    -928.8448595722 
# -----------------------------------------------------------
$ Mayer_Pop
   description: The Mayer population analysis
   geom. index: 1
   prop. index: 1
     Number of atoms                     : 49
     Threshold for printing              : 0.1000000
     Number of bond orders printed       : 51
  NA   - Mulliken gross atomic population
  ZA   - Total nuclear charge
  QA   - Mulliken gross atomic charge
  VA   - Mayer's total valence
  BVA  - Mayer's bonded valence
  FA   - Mayer's free valence
  ATOM       NA         ZA         QA         VA         BVA        FA
  0   0     6.2751     6.0000    -0.2751     3.1206     3.0195     0.1011
  1   0     6.1011     6.0000    -0.1011     4.1751     4.0992     0.0759
  2   0     5.7083     6.0000     0.2917     2.5000     2.4972     0.0028
  3   0     5.9200     6.0000     0.0800     3.6845     3.6827     0.0018
  4   0     6.0569     6.0000    -0.0569     4.1386     4.1234     0.0152
  5   0     5.9833     6.0000     0.0167     3.8822     3.8779     0.0043
  6   0     6.1678     6.0000    -0.1678     3.8118     3.7819     0.0299
  7   0     6.0639     6.0000    -0.0639     4.1182     4.1151     0.0031
  8   0     5.9515     6.0000     0.0485     3.8933     3.8822     0.0111
  9   0     1.0469     1.0000    -0.0469     1.0053     1.0053     0.0000
 10   0     1.0333     1.0000    -0.0333     1.0089     1.0089     0.0000
 11   0     5.9410     6.0000     0.0590     4.0196     4.0195     0.0001
 12   0     0.9560     1.0000     0.0440     0.9752     0.9751     0.0001
 13   0     0.9561     1.0000     0.0439     0.9751     0.9750     0.0001
 14   0     6.0401     6.0000    -0.0401     4.1106     4.1106     0.0000
 15   0     0.9856     1.0000     0.0144     0.9620     0.9620     0.0000
 16   0     0.9856     1.0000     0.0144     0.9620     0.9620     0.0000
 17   0     6.0238     6.0000    -0.0238     4.1183     4.1183     0.0000
 18   0     0.9889     1.0000     0.0111     0.9680     0.9680     0.0000
 19   0     0.9889     1.0000     0.0111     0.9680     0.9680     0.0000
 20   0     5.9970     6.0000     0.0030     4.0167     4.0167     0.0000
 21   0     0.9842     1.0000     0.0158     0.9770     0.9770     0.0000
 22   0     0.9842     1.0000     0.0158     0.9770     0.9770     0.0000
 23   0     5.9616     6.0000     0.0384     4.0282     4.0282     0.0000
 24   0     0.9665     1.0000     0.0335     0.9688     0.9688     0.0000
 25   0     0.9665     1.0000     0.0335     0.9688     0.9688     0.0000
 26   0     6.0359     6.0000    -0.0359     4.1152     4.1152     0.0000
 27   0     0.9783     1.0000     0.0217     0.9635     0.9635     0.0000
 28   0     0.9783     1.0000     0.0217     0.9635     0.9635     0.0000
 29   0     6.0269     6.0000    -0.0269     4.1190     4.1190     0.0000
 30   0     0.9946     1.0000     0.0054     0.9669     0.9669     0.0000
 31   0     0.9946     1.0000     0.0054     0.9669     0.9669     0.0000
 32   0     5.9960     6.0000     0.0040     4.0174     4.0174     0.0000
 33   0     0.9796     1.0000     0.0204     0.9776     0.9776     0.0000
 34   0     0.9796     1.0000     0.0204     0.9776     0.9776     0.0000
 35   0     5.8378     6.0000     0.1622     2.6285     2.6150     0.0135
 36   0     0.9844     1.0000     0.0156     0.9739     0.9739     0.0000
 37   0     0.9862     1.0000     0.0138     0.9738     0.9738     0.0000
 38   0     6.2659     6.0000    -0.2659     3.9233     3.9228     0.0005
 39   0     5.9626     6.0000     0.0374     3.9932     3.9920     0.0012
 40   0     5.9575     6.0000     0.0425     4.0005     4.0002     0.0003
 41   0     5.9604     6.0000     0.0396     4.0005     3.9990     0.0015
 42   0     5.9576     6.0000     0.0424     4.0000     3.9997     0.0003
 43   0     5.9654     6.0000     0.0346     3.9926     3.9914     0.0012
 44   0     1.0188     1.0000    -0.0188     0.9697     0.9697     0.0000
 45   0     1.0201     1.0000    -0.0201     0.9698     0.9698     0.0000
 46   0     1.0329     1.0000    -0.0329     0.9841     0.9841     0.0000
 47   0     1.0325     1.0000    -0.0325     0.9839     0.9839     0.0000
 48   0     1.0200     1.0000    -0.0200     0.9697     0.9697     0.0000
      Bond orders larger than 0.1000000
           Atom A     A.N. of A          Atom B    A.N. of B              Bond order
                0             6               1            6                2.897818
                1             6               3            6                1.056190
                2             6               6            6                0.923074
                2             6              35            6                1.679890
                2             6              38            6               -0.183954
                3             6               4            6                1.277222
                3             6               8            6                1.276062
                4             6               5            6                1.484232
                4             6              11            6                1.101335
                5             6               6            6                1.330040
                5             6               9            1                0.923956
                6             6               7            6                1.330546
                7             6               8            6                1.493779
                7             6              23            6                1.093727
                8             6              10            1                0.924789
               11             6              12            1                0.892609
               11             6              13            1                0.892537
               11             6              14            6                1.100895
               14             6              15            1                0.928525
               14             6              16            1                0.928515
               14             6              17            6                1.075334
               17             6              18            1                0.941362
               17             6              19            1                0.941364
               17             6              20            6                1.105558
               20             6              21            1                0.966095
               20             6              22            1                0.966092
               20             6              36            1                0.961906
               23             6              24            1                0.896664
               23             6              25            1                0.896700
               23             6              26            6                1.104487
               26             6              27            1                0.929931
               26             6              28            1                0.929933
               26             6              29            6                1.074044
               29             6              30            1                0.941058
               29             6              31            1                0.941057
               29             6              32            6                1.106570
               32             6              33            1                0.966241
               32             6              34            1                0.966246
               32             6              37            1                0.961300
               35             6              38            6                0.951665
               38             6              39            6                1.428835
               38             6              43            6                1.426960
               39             6              40            6                1.474484
               39             6              46            1                0.941797
               40             6              41            6                1.440712
               40             6              48            1                0.938831
               41             6              42            6                1.440091
               41             6              44            1                0.944096
               42             6              43            6                1.474644
               42             6              45            1                0.938840
               43             6              47            1                0.942088
# -----------------------------------------------------------
$ PAL_Flags
   description: The PAL Flags
   geom. index: 2
   prop. index: 1
        Diskflag:     2
# -----------------------------------------------------------
$ SCF_Energy
   description: The SCF energy
   geom. index: 2
   prop. index: 1
        SCF Energy:     -928.8448596027
# -----------------------------------------------------------
$ DFT_Energy
   description: The DFT energy
   geom. index: 2
   prop. index: 1
   Number of Alpha Electrons                 85.0001982449 
   Number of Beta  Electrons                 84.0001997776 
   Total number of  Electrons               169.0003980225 
   Exchange energy                         -105.6159150937 
   Correlation energy                        -6.5719274127 
   Correlation energy NL                      0.0000000000 
   Exchange-Correlation energy             -112.1878425063 
   Embedding correction                       0.0000000000 
   Total DFT Energy (No VdW correction)    -928.8448596027 
# -----------------------------------------------------------
$ Mayer_Pop
   description: The Mayer population analysis
   geom. index: 2
   prop. index: 1
     Number of atoms                     : 49
     Threshold for printing              : 0.1000000
     Number of bond orders printed       : 51
  NA   - Mulliken gross atomic population
  ZA   - Total nuclear charge
  QA   - Mulliken gross atomic charge
  VA   - Mayer's total valence
  BVA  - Mayer's bonded valence
  FA   - Mayer's free valence
  ATOM       NA         ZA         QA         VA         BVA        FA
  0   0     6.2751     6.0000    -0.2751     3.1206     3.0195     0.1011
  1   0     6.1011     6.0000    -0.1011     4.1751     4.0992     0.0759
  2   0     5.7084     6.0000     0.2916     2.5001     2.4973     0.0028
  3   0     5.9200     6.0000     0.0800     3.6846     3.6828     0.0018
  4   0     6.0569     6.0000    -0.0569     4.1384     4.1232     0.0152
  5   0     5.9834     6.0000     0.0166     3.8822     3.8779     0.0043
  6   0     6.1678     6.0000    -0.1678     3.8119     3.7820     0.0299
  7   0     6.0638     6.0000    -0.0638     4.1181     4.1150     0.0031
  8   0     5.9514     6.0000     0.0486     3.8933     3.8822     0.0111
  9   0     1.0469     1.0000    -0.0469     1.0053     1.0053     0.0000
 10   0     1.0333     1.0000    -0.0333     1.0089     1.0089     0.0000
 11   0     5.9411     6.0000     0.0589     4.0196     4.0195     0.0001
 12   0     0.9560     1.0000     0.0440     0.9752     0.9751     0.0001
 13   0     0.9560     1.0000     0.0440     0.9751     0.9750     0.0001
 14   0     6.0401     6.0000    -0.0401     4.1105     4.1105     0.0000
 15   0     0.9856     1.0000     0.0144     0.9620     0.9620     0.0000
 16   0     0.9856     1.0000     0.0144     0.9620     0.9620     0.0000
 17   0     6.0239     6.0000    -0.0239     4.1183     4.1183     0.0000
 18   0     0.9889     1.0000     0.0111     0.9680     0.9680     0.0000
 19   0     0.9889     1.0000     0.0111     0.9680     0.9680     0.0000
 20   0     5.9970     6.0000     0.0030     4.0167     4.0167     0.0000
 21   0     0.9842     1.0000     0.0158     0.9770     0.9770     0.0000
 22   0     0.9842     1.0000     0.0158     0.9770     0.9770     0.0000
 23   0     5.9616     6.0000     0.0384     4.0282     4.0282     0.0000
 24   0     0.9665     1.0000     0.0335     0.9688     0.9688     0.0000
 25   0     0.9665     1.0000     0.0335     0.9688     0.9688     0.0000
 26   0     6.0359     6.0000    -0.0359     4.1152     4.1152     0.0000
 27   0     0.9783     1.0000     0.0217     0.9635     0.9635     0.0000
 28   0     0.9783     1.0000     0.0217     0.9635     0.9635     0.0000
 29   0     6.0269     6.0000    -0.0269     4.1191     4.1191     0.0000
 30   0     0.9946     1.0000     0.0054     0.9669     0.9669     0.0000
 31   0     0.9946     1.0000     0.0054     0.9669     0.9669     0.0000
 32   0     5.9960     6.0000     0.0040     4.0174     4.0174     0.0000
 33   0     0.9796     1.0000     0.0204     0.9776     0.9776     0.0000
 34   0     0.9796     1.0000     0.0204     0.9776     0.9776     0.0000
 35   0     5.8378     6.0000     0.1622     2.6286     2.6151     0.0135
 36   0     0.9844     1.0000     0.0156     0.9739     0.9739     0.0000
 37   0     0.9862     1.0000     0.0138     0.9738     0.9738     0.0000
 38   0     6.2658     6.0000    -0.2658     3.9233     3.9228     0.0005
 39   0     5.9626     6.0000     0.0374     3.9932     3.9920     0.0012
 40   0     5.9574     6.0000     0.0426     4.0004     4.0001     0.0003
 41   0     5.9604     6.0000     0.0396     4.0005     3.9990     0.0015
 42   0     5.9576     6.0000     0.0424     4.0001     3.9998     0.0003
 43   0     5.9654     6.0000     0.0346     3.9926     3.9914     0.0012
 44   0     1.0188     1.0000    -0.0188     0.9697     0.9697     0.0000
 45   0     1.0201     1.0000    -0.0201     0.9698     0.9698     0.0000
 46   0     1.0329     1.0000    -0.0329     0.9841     0.9841     0.0000
 47   0     1.0325     1.0000    -0.0325     0.9839     0.9839     0.0000
 48   0     1.0200     1.0000    -0.0200     0.9697     0.9697     0.0000
      Bond orders larger than 0.1000000
           Atom A     A.N. of A          Atom B    A.N. of B              Bond order
                0             6               1            6                2.897762
                1             6               3            6                1.056217
                2             6               6            6                0.923066
                2             6              35            6                1.680013
                2             6              38            6               -0.183943
                3             6               4            6                1.277211
                3             6               8            6                1.276083
                4             6               5            6                1.484203
                4             6              11            6                1.101299
                5             6               6            6                1.330144
                5             6               9            1                0.923979
                6             6               7            6                1.330455
                7             6               8            6                1.493748
                7             6              23            6                1.093723
                8             6              10            1                0.924784
               11             6              12            1                0.892622
               11             6              13            1                0.892554
               11             6              14            6                1.100885
               14             6              15            1                0.928521
               14             6              16            1                0.928514
               14             6              17            6                1.075331
               17             6              18            1                0.941358
               17             6              19            1                0.941359
               17             6              20            6                1.105565
               20             6              21            1                0.966089
               20             6              22            1                0.966086
               20             6              36            1                0.961900
               23             6              24            1                0.896665
               23             6              25            1                0.896700
               23             6              26            6                1.104483
               26             6              27            1                0.929929
               26             6              28            1                0.929928
               26             6              29            6                1.074042
               29             6              30            1                0.941052
               29             6              31            1                0.941051
               29             6              32            6                1.106578
               32             6              33            1                0.966234
               32             6              34            1                0.966239
               32             6              37            1                0.961294
               35             6              38            6                0.951648
               38             6              39            6                1.428899
               38             6              43            6                1.426911
               39             6              40            6                1.474496
               39             6              46            1                0.941798
               40             6              41            6                1.440686
               40             6              48            1                0.938831
               41             6              42            6                1.440121
               41             6              44            1                0.944093
               42             6              43            6                1.474638
               42             6              45            1                0.938836
               43             6              47            1                0.942086
# -----------------------------------------------------------
$ SCF_Electric_Properties
   description: The SCF Calculated Electric Properties
   geom. index: 2
   prop. index: 1
       Filename                          : opt_cc-pVDZ.scfp 
       Do Dipole Moment Calculation      : true 
       Do Quadrupole Moment Calculation  : false 
       Do Polarizability Calculation     : false 
** Dipole moment part of electric properties **
        Magnitude of dipole moment (Debye) :        9.5091918126
        Electronic Contribution:
                  0    
      0       8.913332
      1      -0.214109
      2       0.002658
        Nuclear Contribution:
                  0    
      0      -5.173547
      1       0.114161
      2       0.004807
        Total Dipole moment:
                  0    
      0       3.739785
      1      -0.099948
      2       0.007465
# -------------------------------------------------------------
----------------------- !GEOMETRIES! ------------------------
# -------------------------------------------------------------
------------------------ !GEOMETRY! -------------------------
    Number of atoms:    49 
    Geometry Index:     1 
    Coordinates:
               0 C     -4.099903400957    0.083492033648   -0.018352514507
               1 C     -2.815945912706    0.043661413604   -0.012329921229
               2 C      2.806008059221   -0.004269058574   -0.008539025355
               3 C     -1.423130519620    0.006681166485   -0.011521376258
               4 C     -0.708302506671   -1.246812478643   -0.013958729334
               5 C      0.675891819881   -1.194656126151   -0.012683527041
               6 C      1.390968557681    0.032616253248   -0.009321655262
               7 C      0.692187321087    1.284040087802   -0.006826019229
               8 C     -0.689713855140    1.234894224792   -0.008082451034
               9 H      1.259776221353   -2.114722371864   -0.014384656010
              10 H     -1.277364830510    2.152362876402   -0.006417383522
              11 C     -1.482678044898   -2.545270161578   -0.017742230006
              12 H     -2.162955944063   -2.531884226447   -0.888087080377
              13 H     -2.164000545646   -2.536304977817    0.851847654848
              14 C     -0.664772798519   -3.838899629906   -0.020462733217
              15 H     -0.001060320849   -3.863835619952   -0.904705021280
              16 H     -0.002549969782   -3.868471672594    0.864757042380
              17 C     -1.549764528092   -5.091580893340   -0.024485758364
              18 H     -2.216737731747   -5.067646811228    0.856693828147
              19 H     -2.214978558364   -5.063238455834   -0.906863551550
              20 C     -0.747241607726   -6.394947266740   -0.026958253969
              21 H     -0.098784651199   -6.468624398894    0.863262996464
              22 H     -0.096712521531   -6.463963009945   -0.916038784987
              23 C      1.475609678592    2.580851468909   -0.003105477103
              24 H      2.150779737219    2.571662705789    0.872484939975
              25 H      2.151901842794    2.575969367956   -0.877871912508
              26 C      0.660275577673    3.876515603637   -0.000465551459
              27 H     -0.001813432097    3.904738572631   -0.885018977035
              28 H     -0.003429852800    3.900163838671    0.883006959037
              29 C      1.545552928215    5.128838349879    0.003580614996
              30 H      2.210397624378    5.101571173335    0.886923068324
              31 H      2.212314106729    5.105900013583   -0.878437632134
              32 C      0.742543817713    6.432044242190    0.005923686689
              33 H      0.091761553454    6.499752795944    0.894507256341
              34 H      0.094086186999    6.504394656500   -0.883993356511
              35 C      4.030664665062   -0.051607732892   -0.009916832082
              36 H     -1.409442015334   -7.275742186205   -0.030043511712
              37 H      1.404247976218    7.313239579656    0.009095915821
              38 C      5.453352529147   -0.107226088578   -0.009646501623
              39 C      6.121835137756   -1.352501042231   -0.012192548607
              40 C      7.514506057940   -1.401457652398   -0.011852780954
              41 C      8.262259339027   -0.217736542600   -0.009063078422
              42 C      7.609923578591    1.021237412241   -0.006590477662
              43 C      6.217754405691    1.081652670183   -0.006878967682
              44 H      9.353772292485   -0.260949256209   -0.008832992129
              45 H      8.191472735979    1.945910660777   -0.004437827804
              46 H      5.533939302859   -2.272104632660   -0.014369372113
              47 H      5.703997713817    2.044628891089   -0.004992380046
              48 H      8.021809270690   -2.368852925673   -0.013791452906
------------------------ !GEOMETRY! -------------------------
    Number of atoms:    49 
    Geometry Index:     2 
    Coordinates:
               0 C     -4.099899432817    0.082566808611   -0.018221515058
               1 C     -2.815920554221    0.043418217330   -0.012229317117
               2 C      2.806048657354   -0.003030696909   -0.008540885824
               3 C     -1.423093136700    0.006863408411   -0.011427869825
               4 C     -0.707962456868   -1.246480302705   -0.013936172840
               5 C      0.676235683234   -1.193941196626   -0.012699112813
               6 C      1.390992755928    0.033560137906   -0.009300221040
               7 C      0.691892236178    1.284760992151   -0.006775235999
               8 C     -0.689981200086    1.235246417463   -0.007996795502
               9 H      1.260462970144   -2.113782762140   -0.014437241655
              10 H     -1.277924168211    2.152513555539   -0.006310474012
              11 C     -1.482007943556   -2.545168816601   -0.017733906832
              12 H     -2.162350964338   -2.531956536912   -0.888128943860
              13 H     -2.163385540972   -2.536406222507    0.851911994649
              14 C     -0.663837712872   -3.838606351071   -0.020482282735
              15 H     -0.000095763294   -3.863432149811   -0.904785641177
              16 H     -0.001595655272   -3.868106453656    0.864804649394
              17 C     -1.548663313248   -5.091378525917   -0.024540399503
              18 H     -2.215660655026   -5.067542229236    0.856706502805
              19 H     -2.213901885602   -5.063080046365   -0.906983172899
              20 C     -0.745910791284   -6.394552372580   -0.027051699914
              21 H     -0.097467665298   -6.468100640308    0.863226758153
              22 H     -0.095358546442   -6.463360021125   -0.916168720981
              23 C      1.475013580319    2.581762219145   -0.003063062605
              24 H      2.150206919276    2.572768127150    0.872596814355
              25 H      2.151368095091    2.577042083170   -0.877864637300
              26 C      0.659385741529    3.877214147531   -0.000463014500
              27 H     -0.002719634671    3.905301482603   -0.885088056163
              28 H     -0.004360105630    3.900769403667    0.883062717549
              29 C      1.544472347810    5.129640559124    0.003569774809
              30 H      2.209339576844    5.102453213211    0.886978082514
              31 H      2.211255216949    5.106769346965   -0.878514873278
              32 C      0.741225476055    6.432646598168    0.005902697396
              33 H      0.090430763902    6.500190324687    0.894528425834
              34 H      0.092771694052    6.504832075705   -0.884068240307
              35 C      4.030698303356   -0.050770763605   -0.009905654875
              36 H     -1.407950543222   -7.275431743721   -0.030188379459
              37 H      1.402771930285    7.313923583214    0.009079251294
              38 C      5.453342678890   -0.107447189164   -0.009656649320
              39 C      6.120738232233   -1.353300447253   -0.011991329836
              40 C      7.513356062380   -1.403493913241   -0.011666940284
              41 C      8.262124644147   -0.220420429493   -0.009063884599
              42 C      7.610871544433    1.019106124992   -0.006780758651
              43 C      6.218765260052    1.080757121150   -0.007088528341
              44 H      9.353657501526   -0.264542757529   -0.008824614650
              45 H      8.193248791327    1.943255962032   -0.004756260130
              46 H      5.532019633319   -2.272374686804   -0.014020612299
              47 H      5.705859306216    2.044207133210   -0.005328579533
              48 H      8.019798556797   -2.371346947855   -0.013462323035
